name	x	y	z
soma(0.005)	0.120000	0.000000	0.000000
soma(0.015)	0.360000	0.000000	0.000000
soma(0.025)	0.600000	0.000000	0.000000
soma(0.035)	0.840000	0.000000	0.000000
soma(0.045)	1.080000	0.000000	0.000000
soma(0.055)	1.320000	0.000000	0.000000
soma(0.065)	1.560000	0.000000	0.000000
soma(0.075)	1.800000	0.000000	0.000000
soma(0.085)	2.040000	0.000000	0.000000
soma(0.095)	2.280000	0.000000	0.000000
soma(0.105)	2.520000	0.000000	0.000000
soma(0.115)	2.760000	0.000000	0.000000
soma(0.125)	3.000000	0.000000	0.000000
soma(0.135)	3.240000	0.000000	0.000000
soma(0.145)	3.480000	0.000000	0.000000
soma(0.155)	3.720000	0.000000	0.000000
soma(0.165)	3.960000	0.000000	0.000000
soma(0.175)	4.200000	0.000000	0.000000
soma(0.185)	4.440000	0.000000	0.000000
soma(0.195)	4.680000	0.000000	0.000000
soma(0.205)	4.920000	0.000000	0.000000
soma(0.215)	5.160000	0.000000	0.000000
soma(0.225)	5.400000	0.000000	0.000000
soma(0.235)	5.640000	0.000000	0.000000
soma(0.245)	5.880000	0.000000	0.000000
soma(0.255)	6.120000	0.000000	0.000000
soma(0.265)	6.360000	0.000000	0.000000
soma(0.275)	6.600000	0.000000	0.000000
soma(0.285)	6.840000	0.000000	0.000000
soma(0.295)	7.080000	0.000000	0.000000
soma(0.305)	7.320000	0.000000	0.000000
soma(0.315)	7.560000	0.000000	0.000000
soma(0.325)	7.800000	0.000000	0.000000
soma(0.335)	8.040000	0.000000	0.000000
soma(0.345)	8.280000	0.000000	0.000000
soma(0.355)	8.520000	0.000000	0.000000
soma(0.365)	8.760000	0.000000	0.000000
soma(0.375)	9.000000	0.000000	0.000000
soma(0.385)	9.240000	0.000000	0.000000
soma(0.395)	9.480000	0.000000	0.000000
soma(0.405)	9.720000	0.000000	0.000000
soma(0.415)	9.960000	0.000000	0.000000
soma(0.425)	10.200000	0.000000	0.000000
soma(0.435)	10.440000	0.000000	0.000000
soma(0.445)	10.680000	0.000000	0.000000
soma(0.455)	10.920000	0.000000	0.000000
soma(0.465)	11.160000	0.000000	0.000000
soma(0.475)	11.400000	0.000000	0.000000
soma(0.485)	11.640000	0.000000	0.000000
soma(0.495)	11.880000	0.000000	0.000000
soma(0.505)	12.120000	0.000000	0.000000
soma(0.515)	12.360000	0.000000	0.000000
soma(0.525)	12.600000	0.000000	0.000000
soma(0.535)	12.840000	0.000000	0.000000
soma(0.545)	13.080000	0.000000	0.000000
soma(0.555)	13.320000	0.000000	0.000000
soma(0.565)	13.560000	0.000000	0.000000
soma(0.575)	13.800000	0.000000	0.000000
soma(0.585)	14.040000	0.000000	0.000000
soma(0.595)	14.280000	0.000000	0.000000
soma(0.605)	14.520000	0.000000	0.000000
soma(0.615)	14.760000	0.000000	0.000000
soma(0.625)	15.000000	0.000000	0.000000
soma(0.635)	15.240000	0.000000	0.000000
soma(0.645)	15.480000	0.000000	0.000000
soma(0.655)	15.720000	0.000000	0.000000
soma(0.665)	15.960000	0.000000	0.000000
soma(0.675)	16.200000	0.000000	0.000000
soma(0.685)	16.440000	0.000000	0.000000
soma(0.695)	16.680000	0.000000	0.000000
soma(0.705)	16.920000	0.000000	0.000000
soma(0.715)	17.160000	0.000000	0.000000
soma(0.725)	17.400000	0.000000	0.000000
soma(0.735)	17.640000	0.000000	0.000000
soma(0.745)	17.880000	0.000000	0.000000
soma(0.755)	18.120000	0.000000	0.000000
soma(0.765)	18.360000	0.000000	0.000000
soma(0.775)	18.600000	0.000000	0.000000
soma(0.785)	18.840000	0.000000	0.000000
soma(0.795)	19.080000	0.000000	0.000000
soma(0.805)	19.320000	0.000000	0.000000
soma(0.815)	19.560000	0.000000	0.000000
soma(0.825)	19.800000	0.000000	0.000000
soma(0.835)	20.040000	0.000000	0.000000
soma(0.845)	20.280000	0.000000	0.000000
soma(0.855)	20.520000	0.000000	0.000000
soma(0.865)	20.760000	0.000000	0.000000
soma(0.875)	21.000000	0.000000	0.000000
soma(0.885)	21.240000	0.000000	0.000000
soma(0.895)	21.480000	0.000000	0.000000
soma(0.905)	21.720000	0.000000	0.000000
soma(0.915)	21.960000	0.000000	0.000000
soma(0.925)	22.200000	0.000000	0.000000
soma(0.935)	22.440000	0.000000	0.000000
soma(0.945)	22.680000	0.000000	0.000000
soma(0.955)	22.920000	0.000000	0.000000
soma(0.965)	23.160000	0.000000	0.000000
soma(0.975)	23.400000	0.000000	0.000000
soma(0.985)	23.640000	0.000000	0.000000
soma(0.995)	23.880000	0.000000	0.000000
dendrite(0.00225225)	-49.887387	0.000000	0.000000
dendrite(0.00675676)	-49.662162	0.000000	0.000000
dendrite(0.0112613)	-49.436937	0.000000	0.000000
dendrite(0.0157658)	-49.211712	0.000000	0.000000
dendrite(0.0202703)	-48.986486	0.000000	0.000000
dendrite(0.0247748)	-48.761261	0.000000	0.000000
dendrite(0.0292793)	-48.536036	0.000000	0.000000
dendrite(0.0337838)	-48.310811	0.000000	0.000000
dendrite(0.0382883)	-48.085586	0.000000	0.000000
dendrite(0.0427928)	-47.860360	0.000000	0.000000
dendrite(0.0472973)	-47.635135	0.000000	0.000000
dendrite(0.0518018)	-47.409910	0.000000	0.000000
dendrite(0.0563063)	-47.184685	0.000000	0.000000
dendrite(0.0608108)	-46.959459	0.000000	0.000000
dendrite(0.0653153)	-46.734234	0.000000	0.000000
dendrite(0.0698198)	-46.509009	0.000000	0.000000
dendrite(0.0743243)	-46.283784	0.000000	0.000000
dendrite(0.0788288)	-46.058559	0.000000	0.000000
dendrite(0.0833333)	-45.833333	0.000000	0.000000
dendrite(0.0878378)	-45.608108	0.000000	0.000000
dendrite(0.0923423)	-45.382883	0.000000	0.000000
dendrite(0.0968468)	-45.157658	0.000000	0.000000
dendrite(0.101351)	-44.932432	0.000000	0.000000
dendrite(0.105856)	-44.707207	0.000000	0.000000
dendrite(0.11036)	-44.481982	0.000000	0.000000
dendrite(0.114865)	-44.256757	0.000000	0.000000
dendrite(0.119369)	-44.031532	0.000000	0.000000
dendrite(0.123874)	-43.806306	0.000000	0.000000
dendrite(0.128378)	-43.581081	0.000000	0.000000
dendrite(0.132883)	-43.355856	0.000000	0.000000
dendrite(0.137387)	-43.130631	0.000000	0.000000
dendrite(0.141892)	-42.905405	0.000000	0.000000
dendrite(0.146396)	-42.680180	0.000000	0.000000
dendrite(0.150901)	-42.454955	0.000000	0.000000
dendrite(0.155405)	-42.229730	0.000000	0.000000
dendrite(0.15991)	-42.004505	0.000000	0.000000
dendrite(0.164414)	-41.779279	0.000000	0.000000
dendrite(0.168919)	-41.554054	0.000000	0.000000
dendrite(0.173423)	-41.328829	0.000000	0.000000
dendrite(0.177928)	-41.103604	0.000000	0.000000
dendrite(0.182432)	-40.878378	0.000000	0.000000
dendrite(0.186937)	-40.653153	0.000000	0.000000
dendrite(0.191441)	-40.427928	0.000000	0.000000
dendrite(0.195946)	-40.202703	0.000000	0.000000
dendrite(0.20045)	-39.977477	0.000000	0.000000
dendrite(0.204955)	-39.752252	0.000000	0.000000
dendrite(0.209459)	-39.527027	0.000000	0.000000
dendrite(0.213964)	-39.301802	0.000000	0.000000
dendrite(0.218468)	-39.076577	0.000000	0.000000
dendrite(0.222973)	-38.851351	0.000000	0.000000
dendrite(0.227477)	-38.626126	0.000000	0.000000
dendrite(0.231982)	-38.400901	0.000000	0.000000
dendrite(0.236486)	-38.175676	0.000000	0.000000
dendrite(0.240991)	-37.950450	0.000000	0.000000
dendrite(0.245495)	-37.725225	0.000000	0.000000
dendrite(0.25)	-37.500000	0.000000	0.000000
dendrite(0.254505)	-37.274775	0.000000	0.000000
dendrite(0.259009)	-37.049550	0.000000	0.000000
dendrite(0.263514)	-36.824324	0.000000	0.000000
dendrite(0.268018)	-36.599099	0.000000	0.000000
dendrite(0.272523)	-36.373874	0.000000	0.000000
dendrite(0.277027)	-36.148649	0.000000	0.000000
dendrite(0.281532)	-35.923423	0.000000	0.000000
dendrite(0.286036)	-35.698198	0.000000	0.000000
dendrite(0.290541)	-35.472973	0.000000	0.000000
dendrite(0.295045)	-35.247748	0.000000	0.000000
dendrite(0.29955)	-35.022523	0.000000	0.000000
dendrite(0.304054)	-34.797297	0.000000	0.000000
dendrite(0.308559)	-34.572072	0.000000	0.000000
dendrite(0.313063)	-34.346847	0.000000	0.000000
dendrite(0.317568)	-34.121622	0.000000	0.000000
dendrite(0.322072)	-33.896396	0.000000	0.000000
dendrite(0.326577)	-33.671171	0.000000	0.000000
dendrite(0.331081)	-33.445946	0.000000	0.000000
dendrite(0.335586)	-33.220721	0.000000	0.000000
dendrite(0.34009)	-32.995495	0.000000	0.000000
dendrite(0.344595)	-32.770270	0.000000	0.000000
dendrite(0.349099)	-32.545045	0.000000	0.000000
dendrite(0.353604)	-32.319820	0.000000	0.000000
dendrite(0.358108)	-32.094595	0.000000	0.000000
dendrite(0.362613)	-31.869369	0.000000	0.000000
dendrite(0.367117)	-31.644144	0.000000	0.000000
dendrite(0.371622)	-31.418919	0.000000	0.000000
dendrite(0.376126)	-31.193694	0.000000	0.000000
dendrite(0.380631)	-30.968468	0.000000	0.000000
dendrite(0.385135)	-30.743243	0.000000	0.000000
dendrite(0.38964)	-30.518018	0.000000	0.000000
dendrite(0.394144)	-30.292793	0.000000	0.000000
dendrite(0.398649)	-30.067568	0.000000	0.000000
dendrite(0.403153)	-29.842342	0.000000	0.000000
dendrite(0.407658)	-29.617117	0.000000	0.000000
dendrite(0.412162)	-29.391892	0.000000	0.000000
dendrite(0.416667)	-29.166667	0.000000	0.000000
dendrite(0.421171)	-28.941441	0.000000	0.000000
dendrite(0.425676)	-28.716216	0.000000	0.000000
dendrite(0.43018)	-28.490991	0.000000	0.000000
dendrite(0.434685)	-28.265766	0.000000	0.000000
dendrite(0.439189)	-28.040541	0.000000	0.000000
dendrite(0.443694)	-27.815315	0.000000	0.000000
dendrite(0.448198)	-27.590090	0.000000	0.000000
dendrite(0.452703)	-27.364865	0.000000	0.000000
dendrite(0.457207)	-27.139640	0.000000	0.000000
dendrite(0.461712)	-26.914414	0.000000	0.000000
dendrite(0.466216)	-26.689189	0.000000	0.000000
dendrite(0.470721)	-26.463964	0.000000	0.000000
dendrite(0.475225)	-26.238739	0.000000	0.000000
dendrite(0.47973)	-26.013514	0.000000	0.000000
dendrite(0.484234)	-25.788288	0.000000	0.000000
dendrite(0.488739)	-25.563063	0.000000	0.000000
dendrite(0.493243)	-25.337838	0.000000	0.000000
dendrite(0.497748)	-25.112613	0.000000	0.000000
dendrite(0.502252)	-24.887387	0.000000	0.000000
dendrite(0.506757)	-24.662162	0.000000	0.000000
dendrite(0.511261)	-24.436937	0.000000	0.000000
dendrite(0.515766)	-24.211712	0.000000	0.000000
dendrite(0.52027)	-23.986486	0.000000	0.000000
dendrite(0.524775)	-23.761261	0.000000	0.000000
dendrite(0.529279)	-23.536036	0.000000	0.000000
dendrite(0.533784)	-23.310811	0.000000	0.000000
dendrite(0.538288)	-23.085586	0.000000	0.000000
dendrite(0.542793)	-22.860360	0.000000	0.000000
dendrite(0.547297)	-22.635135	0.000000	0.000000
dendrite(0.551802)	-22.409910	0.000000	0.000000
dendrite(0.556306)	-22.184685	0.000000	0.000000
dendrite(0.560811)	-21.959459	0.000000	0.000000
dendrite(0.565315)	-21.734234	0.000000	0.000000
dendrite(0.56982)	-21.509009	0.000000	0.000000
dendrite(0.574324)	-21.283784	0.000000	0.000000
dendrite(0.578829)	-21.058559	0.000000	0.000000
dendrite(0.583333)	-20.833333	0.000000	0.000000
dendrite(0.587838)	-20.608108	0.000000	0.000000
dendrite(0.592342)	-20.382883	0.000000	0.000000
dendrite(0.596847)	-20.157658	0.000000	0.000000
dendrite(0.601351)	-19.932432	0.000000	0.000000
dendrite(0.605856)	-19.707207	0.000000	0.000000
dendrite(0.61036)	-19.481982	0.000000	0.000000
dendrite(0.614865)	-19.256757	0.000000	0.000000
dendrite(0.619369)	-19.031532	0.000000	0.000000
dendrite(0.623874)	-18.806306	0.000000	0.000000
dendrite(0.628378)	-18.581081	0.000000	0.000000
dendrite(0.632883)	-18.355856	0.000000	0.000000
dendrite(0.637387)	-18.130631	0.000000	0.000000
dendrite(0.641892)	-17.905405	0.000000	0.000000
dendrite(0.646396)	-17.680180	0.000000	0.000000
dendrite(0.650901)	-17.454955	0.000000	0.000000
dendrite(0.655405)	-17.229730	0.000000	0.000000
dendrite(0.65991)	-17.004505	0.000000	0.000000
dendrite(0.664414)	-16.779279	0.000000	0.000000
dendrite(0.668919)	-16.554054	0.000000	0.000000
dendrite(0.673423)	-16.328829	0.000000	0.000000
dendrite(0.677928)	-16.103604	0.000000	0.000000
dendrite(0.682432)	-15.878378	0.000000	0.000000
dendrite(0.686937)	-15.653153	0.000000	0.000000
dendrite(0.691441)	-15.427928	0.000000	0.000000
dendrite(0.695946)	-15.202703	0.000000	0.000000
dendrite(0.70045)	-14.977477	0.000000	0.000000
dendrite(0.704955)	-14.752252	0.000000	0.000000
dendrite(0.709459)	-14.527027	0.000000	0.000000
dendrite(0.713964)	-14.301802	0.000000	0.000000
dendrite(0.718468)	-14.076577	0.000000	0.000000
dendrite(0.722973)	-13.851351	0.000000	0.000000
dendrite(0.727477)	-13.626126	0.000000	0.000000
dendrite(0.731982)	-13.400901	0.000000	0.000000
dendrite(0.736486)	-13.175676	0.000000	0.000000
dendrite(0.740991)	-12.950450	0.000000	0.000000
dendrite(0.745495)	-12.725225	0.000000	0.000000
dendrite(0.75)	-12.500000	0.000000	0.000000
dendrite(0.754505)	-12.274775	0.000000	0.000000
dendrite(0.759009)	-12.049550	0.000000	0.000000
dendrite(0.763514)	-11.824324	0.000000	0.000000
dendrite(0.768018)	-11.599099	0.000000	0.000000
dendrite(0.772523)	-11.373874	0.000000	0.000000
dendrite(0.777027)	-11.148649	0.000000	0.000000
dendrite(0.781532)	-10.923423	0.000000	0.000000
dendrite(0.786036)	-10.698198	0.000000	0.000000
dendrite(0.790541)	-10.472973	0.000000	0.000000
dendrite(0.795045)	-10.247748	0.000000	0.000000
dendrite(0.79955)	-10.022523	0.000000	0.000000
dendrite(0.804054)	-9.797297	0.000000	0.000000
dendrite(0.808559)	-9.572072	0.000000	0.000000
dendrite(0.813063)	-9.346847	0.000000	0.000000
dendrite(0.817568)	-9.121622	0.000000	0.000000
dendrite(0.822072)	-8.896396	0.000000	0.000000
dendrite(0.826577)	-8.671171	0.000000	0.000000
dendrite(0.831081)	-8.445946	0.000000	0.000000
dendrite(0.835586)	-8.220721	0.000000	0.000000
dendrite(0.84009)	-7.995495	0.000000	0.000000
dendrite(0.844595)	-7.770270	0.000000	0.000000
dendrite(0.849099)	-7.545045	0.000000	0.000000
dendrite(0.853604)	-7.319820	0.000000	0.000000
dendrite(0.858108)	-7.094595	0.000000	0.000000
dendrite(0.862613)	-6.869369	0.000000	0.000000
dendrite(0.867117)	-6.644144	0.000000	0.000000
dendrite(0.871622)	-6.418919	0.000000	0.000000
dendrite(0.876126)	-6.193694	0.000000	0.000000
dendrite(0.880631)	-5.968468	0.000000	0.000000
dendrite(0.885135)	-5.743243	0.000000	0.000000
dendrite(0.88964)	-5.518018	0.000000	0.000000
dendrite(0.894144)	-5.292793	0.000000	0.000000
dendrite(0.898649)	-5.067568	0.000000	0.000000
dendrite(0.903153)	-4.842342	0.000000	0.000000
dendrite(0.907658)	-4.617117	0.000000	0.000000
dendrite(0.912162)	-4.391892	0.000000	0.000000
dendrite(0.916667)	-4.166667	0.000000	0.000000
dendrite(0.921171)	-3.941441	0.000000	0.000000
dendrite(0.925676)	-3.716216	0.000000	0.000000
dendrite(0.93018)	-3.490991	0.000000	0.000000
dendrite(0.934685)	-3.265766	0.000000	0.000000
dendrite(0.939189)	-3.040541	0.000000	0.000000
dendrite(0.943694)	-2.815315	0.000000	0.000000
dendrite(0.948198)	-2.590090	0.000000	0.000000
dendrite(0.952703)	-2.364865	0.000000	0.000000
dendrite(0.957207)	-2.139640	0.000000	0.000000
dendrite(0.961712)	-1.914414	0.000000	0.000000
dendrite(0.966216)	-1.689189	0.000000	0.000000
dendrite(0.970721)	-1.463964	0.000000	0.000000
dendrite(0.975225)	-1.238739	0.000000	0.000000
dendrite(0.97973)	-1.013514	0.000000	0.000000
dendrite(0.984234)	-0.788288	0.000000	0.000000
dendrite(0.988739)	-0.563063	0.000000	0.000000
dendrite(0.993243)	-0.337838	0.000000	0.000000
dendrite(0.997748)	-0.112613	0.000000	0.000000
axon_hillock[0](0.5)	24.000000	0.000000	0.000000
axon_hillock[1](0.5)	25.000000	0.000000	0.000000
axon_hillock[2](0.5)	26.000000	0.000000	0.000000
axon_hillock[3](0.5)	27.000000	0.000000	0.000000
axon_hillock[4](0.5)	28.000000	0.000000	0.000000
axon_hillock[5](0.5)	29.000000	0.000000	0.000000
axon_hillock[6](0.5)	30.000000	0.000000	0.000000
axon_hillock[7](0.5)	31.000000	0.000000	0.000000
axon_hillock[8](0.5)	32.000000	0.000000	0.000000
non_myelinated_axon(0.005)	33.080000	0.000000	0.000000
non_myelinated_axon(0.015)	33.240000	0.000000	0.000000
non_myelinated_axon(0.025)	33.400000	0.000000	0.000000
non_myelinated_axon(0.035)	33.560000	0.000000	0.000000
non_myelinated_axon(0.045)	33.720000	0.000000	0.000000
non_myelinated_axon(0.055)	33.880000	0.000000	0.000000
non_myelinated_axon(0.065)	34.040000	0.000000	0.000000
non_myelinated_axon(0.075)	34.200000	0.000000	0.000000
non_myelinated_axon(0.085)	34.360000	0.000000	0.000000
non_myelinated_axon(0.095)	34.520000	0.000000	0.000000
non_myelinated_axon(0.105)	34.680000	0.000000	0.000000
non_myelinated_axon(0.115)	34.840000	0.000000	0.000000
non_myelinated_axon(0.125)	35.000000	0.000000	0.000000
non_myelinated_axon(0.135)	35.160000	0.000000	0.000000
non_myelinated_axon(0.145)	35.320000	0.000000	0.000000
non_myelinated_axon(0.155)	35.480000	0.000000	0.000000
non_myelinated_axon(0.165)	35.640000	0.000000	0.000000
non_myelinated_axon(0.175)	35.800000	0.000000	0.000000
non_myelinated_axon(0.185)	35.960000	0.000000	0.000000
non_myelinated_axon(0.195)	36.120000	0.000000	0.000000
non_myelinated_axon(0.205)	36.280000	0.000000	0.000000
non_myelinated_axon(0.215)	36.440000	0.000000	0.000000
non_myelinated_axon(0.225)	36.600000	0.000000	0.000000
non_myelinated_axon(0.235)	36.760000	0.000000	0.000000
non_myelinated_axon(0.245)	36.920000	0.000000	0.000000
non_myelinated_axon(0.255)	37.080000	0.000000	0.000000
non_myelinated_axon(0.265)	37.240000	0.000000	0.000000
non_myelinated_axon(0.275)	37.400000	0.000000	0.000000
non_myelinated_axon(0.285)	37.560000	0.000000	0.000000
non_myelinated_axon(0.295)	37.720000	0.000000	0.000000
non_myelinated_axon(0.305)	37.880000	0.000000	0.000000
non_myelinated_axon(0.315)	38.040000	0.000000	0.000000
non_myelinated_axon(0.325)	38.200000	0.000000	0.000000
non_myelinated_axon(0.335)	38.360000	0.000000	0.000000
non_myelinated_axon(0.345)	38.520000	0.000000	0.000000
non_myelinated_axon(0.355)	38.680000	0.000000	0.000000
non_myelinated_axon(0.365)	38.840000	0.000000	0.000000
non_myelinated_axon(0.375)	39.000000	0.000000	0.000000
non_myelinated_axon(0.385)	39.160000	0.000000	0.000000
non_myelinated_axon(0.395)	39.320000	0.000000	0.000000
non_myelinated_axon(0.405)	39.480000	0.000000	0.000000
non_myelinated_axon(0.415)	39.640000	0.000000	0.000000
non_myelinated_axon(0.425)	39.800000	0.000000	0.000000
non_myelinated_axon(0.435)	39.960000	0.000000	0.000000
non_myelinated_axon(0.445)	40.120000	0.000000	0.000000
non_myelinated_axon(0.455)	40.280000	0.000000	0.000000
non_myelinated_axon(0.465)	40.440000	0.000000	0.000000
non_myelinated_axon(0.475)	40.600000	0.000000	0.000000
non_myelinated_axon(0.485)	40.760000	0.000000	0.000000
non_myelinated_axon(0.495)	40.920000	0.000000	0.000000
non_myelinated_axon(0.505)	41.080000	0.000000	0.000000
non_myelinated_axon(0.515)	41.240000	0.000000	0.000000
non_myelinated_axon(0.525)	41.400000	0.000000	0.000000
non_myelinated_axon(0.535)	41.560000	0.000000	0.000000
non_myelinated_axon(0.545)	41.720000	0.000000	0.000000
non_myelinated_axon(0.555)	41.880000	0.000000	0.000000
non_myelinated_axon(0.565)	42.040000	0.000000	0.000000
non_myelinated_axon(0.575)	42.200000	0.000000	0.000000
non_myelinated_axon(0.585)	42.360000	0.000000	0.000000
non_myelinated_axon(0.595)	42.520000	0.000000	0.000000
non_myelinated_axon(0.605)	42.680000	0.000000	0.000000
non_myelinated_axon(0.615)	42.840000	0.000000	0.000000
non_myelinated_axon(0.625)	43.000000	0.000000	0.000000
non_myelinated_axon(0.635)	43.160000	0.000000	0.000000
non_myelinated_axon(0.645)	43.320000	0.000000	0.000000
non_myelinated_axon(0.655)	43.480000	0.000000	0.000000
non_myelinated_axon(0.665)	43.640000	0.000000	0.000000
non_myelinated_axon(0.675)	43.800000	0.000000	0.000000
non_myelinated_axon(0.685)	43.960000	0.000000	0.000000
non_myelinated_axon(0.695)	44.120000	0.000000	0.000000
non_myelinated_axon(0.705)	44.280000	0.000000	0.000000
non_myelinated_axon(0.715)	44.440000	0.000000	0.000000
non_myelinated_axon(0.725)	44.600000	0.000000	0.000000
non_myelinated_axon(0.735)	44.760000	0.000000	0.000000
non_myelinated_axon(0.745)	44.920000	0.000000	0.000000
non_myelinated_axon(0.755)	45.080000	0.000000	0.000000
non_myelinated_axon(0.765)	45.240000	0.000000	0.000000
non_myelinated_axon(0.775)	45.400000	0.000000	0.000000
non_myelinated_axon(0.785)	45.560000	0.000000	0.000000
non_myelinated_axon(0.795)	45.720000	0.000000	0.000000
non_myelinated_axon(0.805)	45.880000	0.000000	0.000000
non_myelinated_axon(0.815)	46.040000	0.000000	0.000000
non_myelinated_axon(0.825)	46.200000	0.000000	0.000000
non_myelinated_axon(0.835)	46.360000	0.000000	0.000000
non_myelinated_axon(0.845)	46.520000	0.000000	0.000000
non_myelinated_axon(0.855)	46.680000	0.000000	0.000000
non_myelinated_axon(0.865)	46.840000	0.000000	0.000000
non_myelinated_axon(0.875)	47.000000	0.000000	0.000000
non_myelinated_axon(0.885)	47.160000	0.000000	0.000000
non_myelinated_axon(0.895)	47.320000	0.000000	0.000000
non_myelinated_axon(0.905)	47.480000	0.000000	0.000000
non_myelinated_axon(0.915)	47.640000	0.000000	0.000000
non_myelinated_axon(0.925)	47.800000	0.000000	0.000000
non_myelinated_axon(0.935)	47.960000	0.000000	0.000000
non_myelinated_axon(0.945)	48.120000	0.000000	0.000000
non_myelinated_axon(0.955)	48.280000	0.000000	0.000000
non_myelinated_axon(0.965)	48.440000	0.000000	0.000000
non_myelinated_axon(0.975)	48.600000	0.000000	0.000000
non_myelinated_axon(0.985)	48.760000	0.000000	0.000000
non_myelinated_axon(0.995)	48.920000	0.000000	0.000000
myelinated_axon(0.005)	50.500000	0.000000	0.000000
myelinated_axon(0.015)	53.500000	0.000000	0.000000
myelinated_axon(0.025)	56.500000	0.000000	0.000000
myelinated_axon(0.035)	59.500000	0.000000	0.000000
myelinated_axon(0.045)	62.500000	0.000000	0.000000
myelinated_axon(0.055)	65.500000	0.000000	0.000000
myelinated_axon(0.065)	68.500000	0.000000	0.000000
myelinated_axon(0.075)	71.500000	0.000000	0.000000
myelinated_axon(0.085)	74.500000	0.000000	0.000000
myelinated_axon(0.095)	77.500000	0.000000	0.000000
myelinated_axon(0.105)	80.500000	0.000000	0.000000
myelinated_axon(0.115)	83.500000	0.000000	0.000000
myelinated_axon(0.125)	86.500000	0.000000	0.000000
myelinated_axon(0.135)	89.500000	0.000000	0.000000
myelinated_axon(0.145)	92.500000	0.000000	0.000000
myelinated_axon(0.155)	95.500000	0.000000	0.000000
myelinated_axon(0.165)	98.500000	0.000000	0.000000
myelinated_axon(0.175)	101.500000	0.000000	0.000000
myelinated_axon(0.185)	104.500000	0.000000	0.000000
myelinated_axon(0.195)	107.500000	0.000000	0.000000
myelinated_axon(0.205)	110.500000	0.000000	0.000000
myelinated_axon(0.215)	113.500000	0.000000	0.000000
myelinated_axon(0.225)	116.500000	0.000000	0.000000
myelinated_axon(0.235)	119.500000	0.000000	0.000000
myelinated_axon(0.245)	122.500000	0.000000	0.000000
myelinated_axon(0.255)	125.500000	0.000000	0.000000
myelinated_axon(0.265)	128.500000	0.000000	0.000000
myelinated_axon(0.275)	131.500000	0.000000	0.000000
myelinated_axon(0.285)	134.500000	0.000000	0.000000
myelinated_axon(0.295)	137.500000	0.000000	0.000000
myelinated_axon(0.305)	140.500000	0.000000	0.000000
myelinated_axon(0.315)	143.500000	0.000000	0.000000
myelinated_axon(0.325)	146.500000	0.000000	0.000000
myelinated_axon(0.335)	149.500000	0.000000	0.000000
myelinated_axon(0.345)	152.500000	0.000000	0.000000
myelinated_axon(0.355)	155.500000	0.000000	0.000000
myelinated_axon(0.365)	158.500000	0.000000	0.000000
myelinated_axon(0.375)	161.500000	0.000000	0.000000
myelinated_axon(0.385)	164.500000	0.000000	0.000000
myelinated_axon(0.395)	167.500000	0.000000	0.000000
myelinated_axon(0.405)	170.500000	0.000000	0.000000
myelinated_axon(0.415)	173.500000	0.000000	0.000000
myelinated_axon(0.425)	176.500000	0.000000	0.000000
myelinated_axon(0.435)	179.500000	0.000000	0.000000
myelinated_axon(0.445)	182.500000	0.000000	0.000000
myelinated_axon(0.455)	185.500000	0.000000	0.000000
myelinated_axon(0.465)	188.500000	0.000000	0.000000
myelinated_axon(0.475)	191.500000	0.000000	0.000000
myelinated_axon(0.485)	194.500000	0.000000	0.000000
myelinated_axon(0.495)	197.500000	0.000000	0.000000
myelinated_axon(0.505)	200.500000	0.000000	0.000000
myelinated_axon(0.515)	203.500000	0.000000	0.000000
myelinated_axon(0.525)	206.500000	0.000000	0.000000
myelinated_axon(0.535)	209.500000	0.000000	0.000000
myelinated_axon(0.545)	212.500000	0.000000	0.000000
myelinated_axon(0.555)	215.500000	0.000000	0.000000
myelinated_axon(0.565)	218.500000	0.000000	0.000000
myelinated_axon(0.575)	221.500000	0.000000	0.000000
myelinated_axon(0.585)	224.500000	0.000000	0.000000
myelinated_axon(0.595)	227.500000	0.000000	0.000000
myelinated_axon(0.605)	230.500000	0.000000	0.000000
myelinated_axon(0.615)	233.500000	0.000000	0.000000
myelinated_axon(0.625)	236.500000	0.000000	0.000000
myelinated_axon(0.635)	239.500000	0.000000	0.000000
myelinated_axon(0.645)	242.500000	0.000000	0.000000
myelinated_axon(0.655)	245.500000	0.000000	0.000000
myelinated_axon(0.665)	248.500000	0.000000	0.000000
myelinated_axon(0.675)	251.500000	0.000000	0.000000
myelinated_axon(0.685)	254.500000	0.000000	0.000000
myelinated_axon(0.695)	257.500000	0.000000	0.000000
myelinated_axon(0.705)	260.500000	0.000000	0.000000
myelinated_axon(0.715)	263.500000	0.000000	0.000000
myelinated_axon(0.725)	266.500000	0.000000	0.000000
myelinated_axon(0.735)	269.500000	0.000000	0.000000
myelinated_axon(0.745)	272.500000	0.000000	0.000000
myelinated_axon(0.755)	275.500000	0.000000	0.000000
myelinated_axon(0.765)	278.500000	0.000000	0.000000
myelinated_axon(0.775)	281.500000	0.000000	0.000000
myelinated_axon(0.785)	284.500000	0.000000	0.000000
myelinated_axon(0.795)	287.500000	0.000000	0.000000
myelinated_axon(0.805)	290.500000	0.000000	0.000000
myelinated_axon(0.815)	293.500000	0.000000	0.000000
myelinated_axon(0.825)	296.500000	0.000000	0.000000
myelinated_axon(0.835)	299.500000	0.000000	0.000000
myelinated_axon(0.845)	302.500000	0.000000	0.000000
myelinated_axon(0.855)	305.500000	0.000000	0.000000
myelinated_axon(0.865)	308.500000	0.000000	0.000000
myelinated_axon(0.875)	311.500000	0.000000	0.000000
myelinated_axon(0.885)	314.500000	0.000000	0.000000
myelinated_axon(0.895)	317.500000	0.000000	0.000000
myelinated_axon(0.905)	320.500000	0.000000	0.000000
myelinated_axon(0.915)	323.500000	0.000000	0.000000
myelinated_axon(0.925)	326.500000	0.000000	0.000000
myelinated_axon(0.935)	329.500000	0.000000	0.000000
myelinated_axon(0.945)	332.500000	0.000000	0.000000
myelinated_axon(0.955)	335.500000	0.000000	0.000000
myelinated_axon(0.965)	338.500000	0.000000	0.000000
myelinated_axon(0.975)	341.500000	0.000000	0.000000
myelinated_axon(0.985)	344.500000	0.000000	0.000000
myelinated_axon(0.995)	347.500000	0.000000	0.000000
