name	x	y	z
soma[0](0.005)	-2.560000	0.000000	0.000000
soma[0](0.015)	-2.680000	0.000000	0.000000
soma[0](0.025)	-2.800000	0.000000	0.000000
soma[0](0.035)	-2.920000	0.000000	0.000000
soma[0](0.045)	-3.040000	0.000000	0.000000
soma[0](0.055)	-3.160000	0.000000	0.000000
soma[0](0.065)	-3.280000	0.000000	0.000000
soma[0](0.075)	-3.400000	0.000000	0.000000
soma[0](0.085)	-3.520000	0.000000	0.000000
soma[0](0.095)	-3.640000	0.000000	0.000000
soma[0](0.105)	-3.760000	0.000000	0.000000
soma[0](0.115)	-3.880000	0.000000	0.000000
soma[0](0.125)	-4.000000	0.000000	0.000000
soma[0](0.135)	-4.120000	0.000000	0.000000
soma[0](0.145)	-4.240000	0.000000	0.000000
soma[0](0.155)	-4.360000	0.000000	0.000000
soma[0](0.165)	-4.480000	0.000000	0.000000
soma[0](0.175)	-4.600000	0.000000	0.000000
soma[0](0.185)	-4.720000	0.000000	0.000000
soma[0](0.195)	-4.840000	0.000000	0.000000
soma[0](0.205)	-4.960000	0.000000	0.000000
soma[0](0.215)	-5.080000	0.000000	0.000000
soma[0](0.225)	-5.200000	0.000000	0.000000
soma[0](0.235)	-5.320000	0.000000	0.000000
soma[0](0.245)	-5.440000	0.000000	0.000000
soma[0](0.255)	-5.560000	0.000000	0.000000
soma[0](0.265)	-5.680000	0.000000	0.000000
soma[0](0.275)	-5.800000	0.000000	0.000000
soma[0](0.285)	-5.920000	0.000000	0.000000
soma[0](0.295)	-6.040000	0.000000	0.000000
soma[0](0.305)	-6.160000	0.000000	0.000000
soma[0](0.315)	-6.280000	0.000000	0.000000
soma[0](0.325)	-6.400000	0.000000	0.000000
soma[0](0.335)	-6.520000	0.000000	0.000000
soma[0](0.345)	-6.640000	0.000000	0.000000
soma[0](0.355)	-6.760000	0.000000	0.000000
soma[0](0.365)	-6.880000	0.000000	0.000000
soma[0](0.375)	-7.000000	0.000000	0.000000
soma[0](0.385)	-7.120000	0.000000	0.000000
soma[0](0.395)	-7.240000	0.000000	0.000000
soma[0](0.405)	-7.360000	0.000000	0.000000
soma[0](0.415)	-7.480000	0.000000	0.000000
soma[0](0.425)	-7.600000	0.000000	0.000000
soma[0](0.435)	-7.720000	0.000000	0.000000
soma[0](0.445)	-7.840000	0.000000	0.000000
soma[0](0.455)	-7.960000	0.000000	0.000000
soma[0](0.465)	-8.080000	0.000000	0.000000
soma[0](0.475)	-8.200000	0.000000	0.000000
soma[0](0.485)	-8.320000	0.000000	0.000000
soma[0](0.495)	-8.440000	0.000000	0.000000
soma[0](0.505)	-8.560000	0.000000	0.000000
soma[0](0.515)	-8.680000	0.000000	0.000000
soma[0](0.525)	-8.800000	0.000000	0.000000
soma[0](0.535)	-8.920000	0.000000	0.000000
soma[0](0.545)	-9.040000	0.000000	0.000000
soma[0](0.555)	-9.160000	0.000000	0.000000
soma[0](0.565)	-9.280000	0.000000	0.000000
soma[0](0.575)	-9.400000	0.000000	0.000000
soma[0](0.585)	-9.520000	0.000000	0.000000
soma[0](0.595)	-9.640000	0.000000	0.000000
soma[0](0.605)	-9.760000	0.000000	0.000000
soma[0](0.615)	-9.880000	0.000000	0.000000
soma[0](0.625)	-10.000000	0.000000	0.000000
soma[0](0.635)	-10.120000	0.000000	0.000000
soma[0](0.645)	-10.240000	0.000000	0.000000
soma[0](0.655)	-10.360000	0.000000	0.000000
soma[0](0.665)	-10.480000	0.000000	0.000000
soma[0](0.675)	-10.600000	0.000000	0.000000
soma[0](0.685)	-10.720000	0.000000	0.000000
soma[0](0.695)	-10.840000	0.000000	0.000000
soma[0](0.705)	-10.960000	0.000000	0.000000
soma[0](0.715)	-11.080000	0.000000	0.000000
soma[0](0.725)	-11.200000	0.000000	0.000000
soma[0](0.735)	-11.320000	0.000000	0.000000
soma[0](0.745)	-11.440000	0.000000	0.000000
soma[0](0.755)	-11.560000	0.000000	0.000000
soma[0](0.765)	-11.680000	0.000000	0.000000
soma[0](0.775)	-11.800000	0.000000	0.000000
soma[0](0.785)	-11.920000	0.000000	0.000000
soma[0](0.795)	-12.040000	0.000000	0.000000
soma[0](0.805)	-12.160000	0.000000	0.000000
soma[0](0.815)	-12.280000	0.000000	0.000000
soma[0](0.825)	-12.400000	0.000000	0.000000
soma[0](0.835)	-12.520000	0.000000	0.000000
soma[0](0.845)	-12.640000	0.000000	0.000000
soma[0](0.855)	-12.760000	0.000000	0.000000
soma[0](0.865)	-12.880000	0.000000	0.000000
soma[0](0.875)	-13.000000	0.000000	0.000000
soma[0](0.885)	-13.120000	0.000000	0.000000
soma[0](0.895)	-13.240000	0.000000	0.000000
soma[0](0.905)	-13.360000	0.000000	0.000000
soma[0](0.915)	-13.480000	0.000000	0.000000
soma[0](0.925)	-13.600000	0.000000	0.000000
soma[0](0.935)	-13.720000	0.000000	0.000000
soma[0](0.945)	-13.840000	0.000000	0.000000
soma[0](0.955)	-13.960000	0.000000	0.000000
soma[0](0.965)	-14.080000	0.000000	0.000000
soma[0](0.975)	-14.200000	0.000000	0.000000
soma[0](0.985)	-14.320000	0.000000	0.000000
soma[0](0.995)	-14.440000	0.000000	0.000000
axon[0](0.005)	2.050000	0.000000	0.000000
axon[0](0.015)	2.150000	0.000000	0.000000
axon[0](0.025)	2.250000	0.000000	0.000000
axon[0](0.035)	2.350000	0.000000	0.000000
axon[0](0.045)	2.450000	0.000000	0.000000
axon[0](0.055)	2.550000	0.000000	0.000000
axon[0](0.065)	2.650000	0.000000	0.000000
axon[0](0.075)	2.750000	0.000000	0.000000
axon[0](0.085)	2.850000	0.000000	0.000000
axon[0](0.095)	2.950000	0.000000	0.000000
axon[0](0.105)	3.050000	0.000000	0.000000
axon[0](0.115)	3.150000	0.000000	0.000000
axon[0](0.125)	3.250000	0.000000	0.000000
axon[0](0.135)	3.350000	0.000000	0.000000
axon[0](0.145)	3.450000	0.000000	0.000000
axon[0](0.155)	3.550000	0.000000	0.000000
axon[0](0.165)	3.650000	0.000000	0.000000
axon[0](0.175)	3.750000	0.000000	0.000000
axon[0](0.185)	3.850000	0.000000	0.000000
axon[0](0.195)	3.950000	0.000000	0.000000
axon[0](0.205)	4.050000	0.000000	0.000000
axon[0](0.215)	4.150000	0.000000	0.000000
axon[0](0.225)	4.250000	0.000000	0.000000
axon[0](0.235)	4.350000	0.000000	0.000000
axon[0](0.245)	4.450000	0.000000	0.000000
axon[0](0.255)	4.550000	0.000000	0.000000
axon[0](0.265)	4.650000	0.000000	0.000000
axon[0](0.275)	4.750000	0.000000	0.000000
axon[0](0.285)	4.850000	0.000000	0.000000
axon[0](0.295)	4.950000	0.000000	0.000000
axon[0](0.305)	5.050000	0.000000	0.000000
axon[0](0.315)	5.150000	0.000000	0.000000
axon[0](0.325)	5.250000	0.000000	0.000000
axon[0](0.335)	5.350000	0.000000	0.000000
axon[0](0.345)	5.450000	0.000000	0.000000
axon[0](0.355)	5.550000	0.000000	0.000000
axon[0](0.365)	5.650000	0.000000	0.000000
axon[0](0.375)	5.750000	0.000000	0.000000
axon[0](0.385)	5.850000	0.000000	0.000000
axon[0](0.395)	5.950000	0.000000	0.000000
axon[0](0.405)	6.050000	0.000000	0.000000
axon[0](0.415)	6.150000	0.000000	0.000000
axon[0](0.425)	6.250000	0.000000	0.000000
axon[0](0.435)	6.350000	0.000000	0.000000
axon[0](0.445)	6.450000	0.000000	0.000000
axon[0](0.455)	6.550000	0.000000	0.000000
axon[0](0.465)	6.650000	0.000000	0.000000
axon[0](0.475)	6.750000	0.000000	0.000000
axon[0](0.485)	6.850000	0.000000	0.000000
axon[0](0.495)	6.950000	0.000000	0.000000
axon[0](0.505)	7.050000	0.000000	0.000000
axon[0](0.515)	7.150000	0.000000	0.000000
axon[0](0.525)	7.250000	0.000000	0.000000
axon[0](0.535)	7.350000	0.000000	0.000000
axon[0](0.545)	7.450000	0.000000	0.000000
axon[0](0.555)	7.550000	0.000000	0.000000
axon[0](0.565)	7.650000	0.000000	0.000000
axon[0](0.575)	7.750000	0.000000	0.000000
axon[0](0.585)	7.850000	0.000000	0.000000
axon[0](0.595)	7.950000	0.000000	0.000000
axon[0](0.605)	8.050000	0.000000	0.000000
axon[0](0.615)	8.150000	0.000000	0.000000
axon[0](0.625)	8.250000	0.000000	0.000000
axon[0](0.635)	8.350000	0.000000	0.000000
axon[0](0.645)	8.450000	0.000000	0.000000
axon[0](0.655)	8.550000	0.000000	0.000000
axon[0](0.665)	8.650000	0.000000	0.000000
axon[0](0.675)	8.750000	0.000000	0.000000
axon[0](0.685)	8.850000	0.000000	0.000000
axon[0](0.695)	8.950000	0.000000	0.000000
axon[0](0.705)	9.050000	0.000000	0.000000
axon[0](0.715)	9.150000	0.000000	0.000000
axon[0](0.725)	9.250000	0.000000	0.000000
axon[0](0.735)	9.350000	0.000000	0.000000
axon[0](0.745)	9.450000	0.000000	0.000000
axon[0](0.755)	9.550000	0.000000	0.000000
axon[0](0.765)	9.650000	0.000000	0.000000
axon[0](0.775)	9.750000	0.000000	0.000000
axon[0](0.785)	9.850000	0.000000	0.000000
axon[0](0.795)	9.950000	0.000000	0.000000
axon[0](0.805)	10.050000	0.000000	0.000000
axon[0](0.815)	10.150000	0.000000	0.000000
axon[0](0.825)	10.250000	0.000000	0.000000
axon[0](0.835)	10.350000	0.000000	0.000000
axon[0](0.845)	10.450000	0.000000	0.000000
axon[0](0.855)	10.550000	0.000000	0.000000
axon[0](0.865)	10.650000	0.000000	0.000000
axon[0](0.875)	10.750000	0.000000	0.000000
axon[0](0.885)	10.850000	0.000000	0.000000
axon[0](0.895)	10.950000	0.000000	0.000000
axon[0](0.905)	11.050000	0.000000	0.000000
axon[0](0.915)	11.150000	0.000000	0.000000
axon[0](0.925)	11.250000	0.000000	0.000000
axon[0](0.935)	11.350000	0.000000	0.000000
axon[0](0.945)	11.450000	0.000000	0.000000
axon[0](0.955)	11.550000	0.000000	0.000000
axon[0](0.965)	11.650000	0.000000	0.000000
axon[0](0.975)	11.750000	0.000000	0.000000
axon[0](0.985)	11.850000	0.000000	0.000000
axon[0](0.995)	11.950000	0.000000	0.000000
axonHillock[0](0.5)	-2.250000	0.000000	0.000000
axonHillock[1](0.5)	-1.750000	0.000000	0.000000
axonHillock[2](0.5)	-1.250000	0.000000	0.000000
axonHillock[3](0.5)	-0.750000	0.000000	0.000000
axonHillock[4](0.5)	-0.250000	0.000000	0.000000
axonHillock[5](0.5)	0.250000	0.000000	0.000000
axonHillock[6](0.5)	0.750000	0.000000	0.000000
axonHillock[7](0.5)	1.250000	0.000000	0.000000
axonHillock[8](0.5)	1.750000	0.000000	0.000000
dend[0](0.00409836)	-487.553279	0.000000	0.000000
dend[0](0.0122951)	-483.659836	0.000000	0.000000
dend[0](0.0204918)	-479.766393	0.000000	0.000000
dend[0](0.0286885)	-475.872951	0.000000	0.000000
dend[0](0.0368852)	-471.979508	0.000000	0.000000
dend[0](0.045082)	-468.086066	0.000000	0.000000
dend[0](0.0532787)	-464.192623	0.000000	0.000000
dend[0](0.0614754)	-460.299180	0.000000	0.000000
dend[0](0.0696721)	-456.405738	0.000000	0.000000
dend[0](0.0778689)	-452.512295	0.000000	0.000000
dend[0](0.0860656)	-448.618852	0.000000	0.000000
dend[0](0.0942623)	-444.725410	0.000000	0.000000
dend[0](0.102459)	-440.831967	0.000000	0.000000
dend[0](0.110656)	-436.938525	0.000000	0.000000
dend[0](0.118852)	-433.045082	0.000000	0.000000
dend[0](0.127049)	-429.151639	0.000000	0.000000
dend[0](0.135246)	-425.258197	0.000000	0.000000
dend[0](0.143443)	-421.364754	0.000000	0.000000
dend[0](0.151639)	-417.471311	0.000000	0.000000
dend[0](0.159836)	-413.577869	0.000000	0.000000
dend[0](0.168033)	-409.684426	0.000000	0.000000
dend[0](0.17623)	-405.790984	0.000000	0.000000
dend[0](0.184426)	-401.897541	0.000000	0.000000
dend[0](0.192623)	-398.004098	0.000000	0.000000
dend[0](0.20082)	-394.110656	0.000000	0.000000
dend[0](0.209016)	-390.217213	0.000000	0.000000
dend[0](0.217213)	-386.323770	0.000000	0.000000
dend[0](0.22541)	-382.430328	0.000000	0.000000
dend[0](0.233607)	-378.536885	0.000000	0.000000
dend[0](0.241803)	-374.643443	0.000000	0.000000
dend[0](0.25)	-370.750000	0.000000	0.000000
dend[0](0.258197)	-366.856557	0.000000	0.000000
dend[0](0.266393)	-362.963115	0.000000	0.000000
dend[0](0.27459)	-359.069672	0.000000	0.000000
dend[0](0.282787)	-355.176230	0.000000	0.000000
dend[0](0.290984)	-351.282787	0.000000	0.000000
dend[0](0.29918)	-347.389344	0.000000	0.000000
dend[0](0.307377)	-343.495902	0.000000	0.000000
dend[0](0.315574)	-339.602459	0.000000	0.000000
dend[0](0.32377)	-335.709016	0.000000	0.000000
dend[0](0.331967)	-331.815574	0.000000	0.000000
dend[0](0.340164)	-327.922131	0.000000	0.000000
dend[0](0.348361)	-324.028689	0.000000	0.000000
dend[0](0.356557)	-320.135246	0.000000	0.000000
dend[0](0.364754)	-316.241803	0.000000	0.000000
dend[0](0.372951)	-312.348361	0.000000	0.000000
dend[0](0.381148)	-308.454918	0.000000	0.000000
dend[0](0.389344)	-304.561475	0.000000	0.000000
dend[0](0.397541)	-300.668033	0.000000	0.000000
dend[0](0.405738)	-296.774590	0.000000	0.000000
dend[0](0.413934)	-292.881148	0.000000	0.000000
dend[0](0.422131)	-288.987705	0.000000	0.000000
dend[0](0.430328)	-285.094262	0.000000	0.000000
dend[0](0.438525)	-281.200820	0.000000	0.000000
dend[0](0.446721)	-277.307377	0.000000	0.000000
dend[0](0.454918)	-273.413934	0.000000	0.000000
dend[0](0.463115)	-269.520492	0.000000	0.000000
dend[0](0.471311)	-265.627049	0.000000	0.000000
dend[0](0.479508)	-261.733607	0.000000	0.000000
dend[0](0.487705)	-257.840164	0.000000	0.000000
dend[0](0.495902)	-253.946721	0.000000	0.000000
dend[0](0.504098)	-250.053279	0.000000	0.000000
dend[0](0.512295)	-246.159836	0.000000	0.000000
dend[0](0.520492)	-242.266393	0.000000	0.000000
dend[0](0.528689)	-238.372951	0.000000	0.000000
dend[0](0.536885)	-234.479508	0.000000	0.000000
dend[0](0.545082)	-230.586066	0.000000	0.000000
dend[0](0.553279)	-226.692623	0.000000	0.000000
dend[0](0.561475)	-222.799180	0.000000	0.000000
dend[0](0.569672)	-218.905738	0.000000	0.000000
dend[0](0.577869)	-215.012295	0.000000	0.000000
dend[0](0.586066)	-211.118852	0.000000	0.000000
dend[0](0.594262)	-207.225410	0.000000	0.000000
dend[0](0.602459)	-203.331967	0.000000	0.000000
dend[0](0.610656)	-199.438525	0.000000	0.000000
dend[0](0.618852)	-195.545082	0.000000	0.000000
dend[0](0.627049)	-191.651639	0.000000	0.000000
dend[0](0.635246)	-187.758197	0.000000	0.000000
dend[0](0.643443)	-183.864754	0.000000	0.000000
dend[0](0.651639)	-179.971311	0.000000	0.000000
dend[0](0.659836)	-176.077869	0.000000	0.000000
dend[0](0.668033)	-172.184426	0.000000	0.000000
dend[0](0.67623)	-168.290984	0.000000	0.000000
dend[0](0.684426)	-164.397541	0.000000	0.000000
dend[0](0.692623)	-160.504098	0.000000	0.000000
dend[0](0.70082)	-156.610656	0.000000	0.000000
dend[0](0.709016)	-152.717213	0.000000	0.000000
dend[0](0.717213)	-148.823770	0.000000	0.000000
dend[0](0.72541)	-144.930328	0.000000	0.000000
dend[0](0.733607)	-141.036885	0.000000	0.000000
dend[0](0.741803)	-137.143443	0.000000	0.000000
dend[0](0.75)	-133.250000	0.000000	0.000000
dend[0](0.758197)	-129.356557	0.000000	0.000000
dend[0](0.766393)	-125.463115	0.000000	0.000000
dend[0](0.77459)	-121.569672	0.000000	0.000000
dend[0](0.782787)	-117.676230	0.000000	0.000000
dend[0](0.790984)	-113.782787	0.000000	0.000000
dend[0](0.79918)	-109.889344	0.000000	0.000000
dend[0](0.807377)	-105.995902	0.000000	0.000000
dend[0](0.815574)	-102.102459	0.000000	0.000000
dend[0](0.82377)	-98.209016	0.000000	0.000000
dend[0](0.831967)	-94.315574	0.000000	0.000000
dend[0](0.840164)	-90.422131	0.000000	0.000000
dend[0](0.848361)	-86.528689	0.000000	0.000000
dend[0](0.856557)	-82.635246	0.000000	0.000000
dend[0](0.864754)	-78.741803	0.000000	0.000000
dend[0](0.872951)	-74.848361	0.000000	0.000000
dend[0](0.881148)	-70.954918	0.000000	0.000000
dend[0](0.889344)	-67.061475	0.000000	0.000000
dend[0](0.897541)	-63.168033	0.000000	0.000000
dend[0](0.905738)	-59.274590	0.000000	0.000000
dend[0](0.913934)	-55.381148	0.000000	0.000000
dend[0](0.922131)	-51.487705	0.000000	0.000000
dend[0](0.930328)	-47.594262	0.000000	0.000000
dend[0](0.938525)	-43.700820	0.000000	0.000000
dend[0](0.946721)	-39.807377	0.000000	0.000000
dend[0](0.954918)	-35.913934	0.000000	0.000000
dend[0](0.963115)	-32.020492	0.000000	0.000000
dend[0](0.971311)	-28.127049	0.000000	0.000000
dend[0](0.979508)	-24.233607	0.000000	0.000000
dend[0](0.987705)	-20.340164	0.000000	0.000000
dend[0](0.995902)	-16.446721	0.000000	0.000000
dend[1](0.005)	-514.375000	0.000000	0.000000
dend[1](0.015)	-514.125000	0.000000	0.000000
dend[1](0.025)	-513.875000	0.000000	0.000000
dend[1](0.035)	-513.625000	0.000000	0.000000
dend[1](0.045)	-513.375000	0.000000	0.000000
dend[1](0.055)	-513.125000	0.000000	0.000000
dend[1](0.065)	-512.875000	0.000000	0.000000
dend[1](0.075)	-512.625000	0.000000	0.000000
dend[1](0.085)	-512.375000	0.000000	0.000000
dend[1](0.095)	-512.125000	0.000000	0.000000
dend[1](0.105)	-511.875000	0.000000	0.000000
dend[1](0.115)	-511.625000	0.000000	0.000000
dend[1](0.125)	-511.375000	0.000000	0.000000
dend[1](0.135)	-511.125000	0.000000	0.000000
dend[1](0.145)	-510.875000	0.000000	0.000000
dend[1](0.155)	-510.625000	0.000000	0.000000
dend[1](0.165)	-510.375000	0.000000	0.000000
dend[1](0.175)	-510.125000	0.000000	0.000000
dend[1](0.185)	-509.875000	0.000000	0.000000
dend[1](0.195)	-509.625000	0.000000	0.000000
dend[1](0.205)	-509.375000	0.000000	0.000000
dend[1](0.215)	-509.125000	0.000000	0.000000
dend[1](0.225)	-508.875000	0.000000	0.000000
dend[1](0.235)	-508.625000	0.000000	0.000000
dend[1](0.245)	-508.375000	0.000000	0.000000
dend[1](0.255)	-508.125000	0.000000	0.000000
dend[1](0.265)	-507.875000	0.000000	0.000000
dend[1](0.275)	-507.625000	0.000000	0.000000
dend[1](0.285)	-507.375000	0.000000	0.000000
dend[1](0.295)	-507.125000	0.000000	0.000000
dend[1](0.305)	-506.875000	0.000000	0.000000
dend[1](0.315)	-506.625000	0.000000	0.000000
dend[1](0.325)	-506.375000	0.000000	0.000000
dend[1](0.335)	-506.125000	0.000000	0.000000
dend[1](0.345)	-505.875000	0.000000	0.000000
dend[1](0.355)	-505.625000	0.000000	0.000000
dend[1](0.365)	-505.375000	0.000000	0.000000
dend[1](0.375)	-505.125000	0.000000	0.000000
dend[1](0.385)	-504.875000	0.000000	0.000000
dend[1](0.395)	-504.625000	0.000000	0.000000
dend[1](0.405)	-504.375000	0.000000	0.000000
dend[1](0.415)	-504.125000	0.000000	0.000000
dend[1](0.425)	-503.875000	0.000000	0.000000
dend[1](0.435)	-503.625000	0.000000	0.000000
dend[1](0.445)	-503.375000	0.000000	0.000000
dend[1](0.455)	-503.125000	0.000000	0.000000
dend[1](0.465)	-502.875000	0.000000	0.000000
dend[1](0.475)	-502.625000	0.000000	0.000000
dend[1](0.485)	-502.375000	0.000000	0.000000
dend[1](0.495)	-502.125000	0.000000	0.000000
dend[1](0.505)	-501.875000	0.000000	0.000000
dend[1](0.515)	-501.625000	0.000000	0.000000
dend[1](0.525)	-501.375000	0.000000	0.000000
dend[1](0.535)	-501.125000	0.000000	0.000000
dend[1](0.545)	-500.875000	0.000000	0.000000
dend[1](0.555)	-500.625000	0.000000	0.000000
dend[1](0.565)	-500.375000	0.000000	0.000000
dend[1](0.575)	-500.125000	0.000000	0.000000
dend[1](0.585)	-499.875000	0.000000	0.000000
dend[1](0.595)	-499.625000	0.000000	0.000000
dend[1](0.605)	-499.375000	0.000000	0.000000
dend[1](0.615)	-499.125000	0.000000	0.000000
dend[1](0.625)	-498.875000	0.000000	0.000000
dend[1](0.635)	-498.625000	0.000000	0.000000
dend[1](0.645)	-498.375000	0.000000	0.000000
dend[1](0.655)	-498.125000	0.000000	0.000000
dend[1](0.665)	-497.875000	0.000000	0.000000
dend[1](0.675)	-497.625000	0.000000	0.000000
dend[1](0.685)	-497.375000	0.000000	0.000000
dend[1](0.695)	-497.125000	0.000000	0.000000
dend[1](0.705)	-496.875000	0.000000	0.000000
dend[1](0.715)	-496.625000	0.000000	0.000000
dend[1](0.725)	-496.375000	0.000000	0.000000
dend[1](0.735)	-496.125000	0.000000	0.000000
dend[1](0.745)	-495.875000	0.000000	0.000000
dend[1](0.755)	-495.625000	0.000000	0.000000
dend[1](0.765)	-495.375000	0.000000	0.000000
dend[1](0.775)	-495.125000	0.000000	0.000000
dend[1](0.785)	-494.875000	0.000000	0.000000
dend[1](0.795)	-494.625000	0.000000	0.000000
dend[1](0.805)	-494.375000	0.000000	0.000000
dend[1](0.815)	-494.125000	0.000000	0.000000
dend[1](0.825)	-493.875000	0.000000	0.000000
dend[1](0.835)	-493.625000	0.000000	0.000000
dend[1](0.845)	-493.375000	0.000000	0.000000
dend[1](0.855)	-493.125000	0.000000	0.000000
dend[1](0.865)	-492.875000	0.000000	0.000000
dend[1](0.875)	-492.625000	0.000000	0.000000
dend[1](0.885)	-492.375000	0.000000	0.000000
dend[1](0.895)	-492.125000	0.000000	0.000000
dend[1](0.905)	-491.875000	0.000000	0.000000
dend[1](0.915)	-491.625000	0.000000	0.000000
dend[1](0.925)	-491.375000	0.000000	0.000000
dend[1](0.935)	-491.125000	0.000000	0.000000
dend[1](0.945)	-490.875000	0.000000	0.000000
dend[1](0.955)	-490.625000	0.000000	0.000000
dend[1](0.965)	-490.375000	0.000000	0.000000
dend[1](0.975)	-490.125000	0.000000	0.000000
dend[1](0.985)	-489.875000	0.000000	0.000000
dend[1](0.995)	-489.625000	0.000000	0.000000
myelin[0](0.005)	12.750000	0.000000	0.000000
myelin[0](0.015)	14.250000	0.000000	0.000000
myelin[0](0.025)	15.750000	0.000000	0.000000
myelin[0](0.035)	17.250000	0.000000	0.000000
myelin[0](0.045)	18.750000	0.000000	0.000000
myelin[0](0.055)	20.250000	0.000000	0.000000
myelin[0](0.065)	21.750000	0.000000	0.000000
myelin[0](0.075)	23.250000	0.000000	0.000000
myelin[0](0.085)	24.750000	0.000000	0.000000
myelin[0](0.095)	26.250000	0.000000	0.000000
myelin[0](0.105)	27.750000	0.000000	0.000000
myelin[0](0.115)	29.250000	0.000000	0.000000
myelin[0](0.125)	30.750000	0.000000	0.000000
myelin[0](0.135)	32.250000	0.000000	0.000000
myelin[0](0.145)	33.750000	0.000000	0.000000
myelin[0](0.155)	35.250000	0.000000	0.000000
myelin[0](0.165)	36.750000	0.000000	0.000000
myelin[0](0.175)	38.250000	0.000000	0.000000
myelin[0](0.185)	39.750000	0.000000	0.000000
myelin[0](0.195)	41.250000	0.000000	0.000000
myelin[0](0.205)	42.750000	0.000000	0.000000
myelin[0](0.215)	44.250000	0.000000	0.000000
myelin[0](0.225)	45.750000	0.000000	0.000000
myelin[0](0.235)	47.250000	0.000000	0.000000
myelin[0](0.245)	48.750000	0.000000	0.000000
myelin[0](0.255)	50.250000	0.000000	0.000000
myelin[0](0.265)	51.750000	0.000000	0.000000
myelin[0](0.275)	53.250000	0.000000	0.000000
myelin[0](0.285)	54.750000	0.000000	0.000000
myelin[0](0.295)	56.250000	0.000000	0.000000
myelin[0](0.305)	57.750000	0.000000	0.000000
myelin[0](0.315)	59.250000	0.000000	0.000000
myelin[0](0.325)	60.750000	0.000000	0.000000
myelin[0](0.335)	62.250000	0.000000	0.000000
myelin[0](0.345)	63.750000	0.000000	0.000000
myelin[0](0.355)	65.250000	0.000000	0.000000
myelin[0](0.365)	66.750000	0.000000	0.000000
myelin[0](0.375)	68.250000	0.000000	0.000000
myelin[0](0.385)	69.750000	0.000000	0.000000
myelin[0](0.395)	71.250000	0.000000	0.000000
myelin[0](0.405)	72.750000	0.000000	0.000000
myelin[0](0.415)	74.250000	0.000000	0.000000
myelin[0](0.425)	75.750000	0.000000	0.000000
myelin[0](0.435)	77.250000	0.000000	0.000000
myelin[0](0.445)	78.750000	0.000000	0.000000
myelin[0](0.455)	80.250000	0.000000	0.000000
myelin[0](0.465)	81.750000	0.000000	0.000000
myelin[0](0.475)	83.250000	0.000000	0.000000
myelin[0](0.485)	84.750000	0.000000	0.000000
myelin[0](0.495)	86.250000	0.000000	0.000000
myelin[0](0.505)	87.750000	0.000000	0.000000
myelin[0](0.515)	89.250000	0.000000	0.000000
myelin[0](0.525)	90.750000	0.000000	0.000000
myelin[0](0.535)	92.250000	0.000000	0.000000
myelin[0](0.545)	93.750000	0.000000	0.000000
myelin[0](0.555)	95.250000	0.000000	0.000000
myelin[0](0.565)	96.750000	0.000000	0.000000
myelin[0](0.575)	98.250000	0.000000	0.000000
myelin[0](0.585)	99.750000	0.000000	0.000000
myelin[0](0.595)	101.250000	0.000000	0.000000
myelin[0](0.605)	102.750000	0.000000	0.000000
myelin[0](0.615)	104.250000	0.000000	0.000000
myelin[0](0.625)	105.750000	0.000000	0.000000
myelin[0](0.635)	107.250000	0.000000	0.000000
myelin[0](0.645)	108.750000	0.000000	0.000000
myelin[0](0.655)	110.250000	0.000000	0.000000
myelin[0](0.665)	111.750000	0.000000	0.000000
myelin[0](0.675)	113.250000	0.000000	0.000000
myelin[0](0.685)	114.750000	0.000000	0.000000
myelin[0](0.695)	116.250000	0.000000	0.000000
myelin[0](0.705)	117.750000	0.000000	0.000000
myelin[0](0.715)	119.250000	0.000000	0.000000
myelin[0](0.725)	120.750000	0.000000	0.000000
myelin[0](0.735)	122.250000	0.000000	0.000000
myelin[0](0.745)	123.750000	0.000000	0.000000
myelin[0](0.755)	125.250000	0.000000	0.000000
myelin[0](0.765)	126.750000	0.000000	0.000000
myelin[0](0.775)	128.250000	0.000000	0.000000
myelin[0](0.785)	129.750000	0.000000	0.000000
myelin[0](0.795)	131.250000	0.000000	0.000000
myelin[0](0.805)	132.750000	0.000000	0.000000
myelin[0](0.815)	134.250000	0.000000	0.000000
myelin[0](0.825)	135.750000	0.000000	0.000000
myelin[0](0.835)	137.250000	0.000000	0.000000
myelin[0](0.845)	138.750000	0.000000	0.000000
myelin[0](0.855)	140.250000	0.000000	0.000000
myelin[0](0.865)	141.750000	0.000000	0.000000
myelin[0](0.875)	143.250000	0.000000	0.000000
myelin[0](0.885)	144.750000	0.000000	0.000000
myelin[0](0.895)	146.250000	0.000000	0.000000
myelin[0](0.905)	147.750000	0.000000	0.000000
myelin[0](0.915)	149.250000	0.000000	0.000000
myelin[0](0.925)	150.750000	0.000000	0.000000
myelin[0](0.935)	152.250000	0.000000	0.000000
myelin[0](0.945)	153.750000	0.000000	0.000000
myelin[0](0.955)	155.250000	0.000000	0.000000
myelin[0](0.965)	156.750000	0.000000	0.000000
myelin[0](0.975)	158.250000	0.000000	0.000000
myelin[0](0.985)	159.750000	0.000000	0.000000
myelin[0](0.995)	161.250000	0.000000	0.000000
