name	x	y	z
soma[0](0.005)	-10.240000	0.000000	0.000000
soma[0](0.015)	-10.720000	0.000000	0.000000
soma[0](0.025)	-11.200000	0.000000	0.000000
soma[0](0.035)	-11.680000	0.000000	0.000000
soma[0](0.045)	-12.160000	0.000000	0.000000
soma[0](0.055)	-12.640000	0.000000	0.000000
soma[0](0.065)	-13.120000	0.000000	0.000000
soma[0](0.075)	-13.600000	0.000000	0.000000
soma[0](0.085)	-14.080000	0.000000	0.000000
soma[0](0.095)	-14.560000	0.000000	0.000000
soma[0](0.105)	-15.040000	0.000000	0.000000
soma[0](0.115)	-15.520000	0.000000	0.000000
soma[0](0.125)	-16.000000	0.000000	0.000000
soma[0](0.135)	-16.480000	0.000000	0.000000
soma[0](0.145)	-16.960000	0.000000	0.000000
soma[0](0.155)	-17.440000	0.000000	0.000000
soma[0](0.165)	-17.920000	0.000000	0.000000
soma[0](0.175)	-18.400000	0.000000	0.000000
soma[0](0.185)	-18.880000	0.000000	0.000000
soma[0](0.195)	-19.360000	0.000000	0.000000
soma[0](0.205)	-19.840000	0.000000	0.000000
soma[0](0.215)	-20.320000	0.000000	0.000000
soma[0](0.225)	-20.800000	0.000000	0.000000
soma[0](0.235)	-21.280000	0.000000	0.000000
soma[0](0.245)	-21.760000	0.000000	0.000000
soma[0](0.255)	-22.240000	0.000000	0.000000
soma[0](0.265)	-22.720000	0.000000	0.000000
soma[0](0.275)	-23.200000	0.000000	0.000000
soma[0](0.285)	-23.680000	0.000000	0.000000
soma[0](0.295)	-24.160000	0.000000	0.000000
soma[0](0.305)	-24.640000	0.000000	0.000000
soma[0](0.315)	-25.120000	0.000000	0.000000
soma[0](0.325)	-25.600000	0.000000	0.000000
soma[0](0.335)	-26.080000	0.000000	0.000000
soma[0](0.345)	-26.560000	0.000000	0.000000
soma[0](0.355)	-27.040000	0.000000	0.000000
soma[0](0.365)	-27.520000	0.000000	0.000000
soma[0](0.375)	-28.000000	0.000000	0.000000
soma[0](0.385)	-28.480000	0.000000	0.000000
soma[0](0.395)	-28.960000	0.000000	0.000000
soma[0](0.405)	-29.440000	0.000000	0.000000
soma[0](0.415)	-29.920000	0.000000	0.000000
soma[0](0.425)	-30.400000	0.000000	0.000000
soma[0](0.435)	-30.880000	0.000000	0.000000
soma[0](0.445)	-31.360000	0.000000	0.000000
soma[0](0.455)	-31.840000	0.000000	0.000000
soma[0](0.465)	-32.320000	0.000000	0.000000
soma[0](0.475)	-32.800000	0.000000	0.000000
soma[0](0.485)	-33.280000	0.000000	0.000000
soma[0](0.495)	-33.760000	0.000000	0.000000
soma[0](0.505)	-34.240000	0.000000	0.000000
soma[0](0.515)	-34.720000	0.000000	0.000000
soma[0](0.525)	-35.200000	0.000000	0.000000
soma[0](0.535)	-35.680000	0.000000	0.000000
soma[0](0.545)	-36.160000	0.000000	0.000000
soma[0](0.555)	-36.640000	0.000000	0.000000
soma[0](0.565)	-37.120000	0.000000	0.000000
soma[0](0.575)	-37.600000	0.000000	0.000000
soma[0](0.585)	-38.080000	0.000000	0.000000
soma[0](0.595)	-38.560000	0.000000	0.000000
soma[0](0.605)	-39.040000	0.000000	0.000000
soma[0](0.615)	-39.520000	0.000000	0.000000
soma[0](0.625)	-40.000000	0.000000	0.000000
soma[0](0.635)	-40.480000	0.000000	0.000000
soma[0](0.645)	-40.960000	0.000000	0.000000
soma[0](0.655)	-41.440000	0.000000	0.000000
soma[0](0.665)	-41.920000	0.000000	0.000000
soma[0](0.675)	-42.400000	0.000000	0.000000
soma[0](0.685)	-42.880000	0.000000	0.000000
soma[0](0.695)	-43.360000	0.000000	0.000000
soma[0](0.705)	-43.840000	0.000000	0.000000
soma[0](0.715)	-44.320000	0.000000	0.000000
soma[0](0.725)	-44.800000	0.000000	0.000000
soma[0](0.735)	-45.280000	0.000000	0.000000
soma[0](0.745)	-45.760000	0.000000	0.000000
soma[0](0.755)	-46.240000	0.000000	0.000000
soma[0](0.765)	-46.720000	0.000000	0.000000
soma[0](0.775)	-47.200000	0.000000	0.000000
soma[0](0.785)	-47.680000	0.000000	0.000000
soma[0](0.795)	-48.160000	0.000000	0.000000
soma[0](0.805)	-48.640000	0.000000	0.000000
soma[0](0.815)	-49.120000	0.000000	0.000000
soma[0](0.825)	-49.600000	0.000000	0.000000
soma[0](0.835)	-50.080000	0.000000	0.000000
soma[0](0.845)	-50.560000	0.000000	0.000000
soma[0](0.855)	-51.040000	0.000000	0.000000
soma[0](0.865)	-51.520000	0.000000	0.000000
soma[0](0.875)	-52.000000	0.000000	0.000000
soma[0](0.885)	-52.480000	0.000000	0.000000
soma[0](0.895)	-52.960000	0.000000	0.000000
soma[0](0.905)	-53.440000	0.000000	0.000000
soma[0](0.915)	-53.920000	0.000000	0.000000
soma[0](0.925)	-54.400000	0.000000	0.000000
soma[0](0.935)	-54.880000	0.000000	0.000000
soma[0](0.945)	-55.360000	0.000000	0.000000
soma[0](0.955)	-55.840000	0.000000	0.000000
soma[0](0.965)	-56.320000	0.000000	0.000000
soma[0](0.975)	-56.800000	0.000000	0.000000
soma[0](0.985)	-57.280000	0.000000	0.000000
soma[0](0.995)	-57.760000	0.000000	0.000000
axon[0](0.005)	8.200000	0.000000	0.000000
axon[0](0.015)	8.600000	0.000000	0.000000
axon[0](0.025)	9.000000	0.000000	0.000000
axon[0](0.035)	9.400000	0.000000	0.000000
axon[0](0.045)	9.800000	0.000000	0.000000
axon[0](0.055)	10.200000	0.000000	0.000000
axon[0](0.065)	10.600000	0.000000	0.000000
axon[0](0.075)	11.000000	0.000000	0.000000
axon[0](0.085)	11.400000	0.000000	0.000000
axon[0](0.095)	11.800000	0.000000	0.000000
axon[0](0.105)	12.200000	0.000000	0.000000
axon[0](0.115)	12.600000	0.000000	0.000000
axon[0](0.125)	13.000000	0.000000	0.000000
axon[0](0.135)	13.400000	0.000000	0.000000
axon[0](0.145)	13.800000	0.000000	0.000000
axon[0](0.155)	14.200000	0.000000	0.000000
axon[0](0.165)	14.600000	0.000000	0.000000
axon[0](0.175)	15.000000	0.000000	0.000000
axon[0](0.185)	15.400000	0.000000	0.000000
axon[0](0.195)	15.800000	0.000000	0.000000
axon[0](0.205)	16.200000	0.000000	0.000000
axon[0](0.215)	16.600000	0.000000	0.000000
axon[0](0.225)	17.000000	0.000000	0.000000
axon[0](0.235)	17.400000	0.000000	0.000000
axon[0](0.245)	17.800000	0.000000	0.000000
axon[0](0.255)	18.200000	0.000000	0.000000
axon[0](0.265)	18.600000	0.000000	0.000000
axon[0](0.275)	19.000000	0.000000	0.000000
axon[0](0.285)	19.400000	0.000000	0.000000
axon[0](0.295)	19.800000	0.000000	0.000000
axon[0](0.305)	20.200000	0.000000	0.000000
axon[0](0.315)	20.600000	0.000000	0.000000
axon[0](0.325)	21.000000	0.000000	0.000000
axon[0](0.335)	21.400000	0.000000	0.000000
axon[0](0.345)	21.800000	0.000000	0.000000
axon[0](0.355)	22.200000	0.000000	0.000000
axon[0](0.365)	22.600000	0.000000	0.000000
axon[0](0.375)	23.000000	0.000000	0.000000
axon[0](0.385)	23.400000	0.000000	0.000000
axon[0](0.395)	23.800000	0.000000	0.000000
axon[0](0.405)	24.200000	0.000000	0.000000
axon[0](0.415)	24.600000	0.000000	0.000000
axon[0](0.425)	25.000000	0.000000	0.000000
axon[0](0.435)	25.400000	0.000000	0.000000
axon[0](0.445)	25.800000	0.000000	0.000000
axon[0](0.455)	26.200000	0.000000	0.000000
axon[0](0.465)	26.600000	0.000000	0.000000
axon[0](0.475)	27.000000	0.000000	0.000000
axon[0](0.485)	27.400000	0.000000	0.000000
axon[0](0.495)	27.800000	0.000000	0.000000
axon[0](0.505)	28.200000	0.000000	0.000000
axon[0](0.515)	28.600000	0.000000	0.000000
axon[0](0.525)	29.000000	0.000000	0.000000
axon[0](0.535)	29.400000	0.000000	0.000000
axon[0](0.545)	29.800000	0.000000	0.000000
axon[0](0.555)	30.200000	0.000000	0.000000
axon[0](0.565)	30.600000	0.000000	0.000000
axon[0](0.575)	31.000000	0.000000	0.000000
axon[0](0.585)	31.400000	0.000000	0.000000
axon[0](0.595)	31.800000	0.000000	0.000000
axon[0](0.605)	32.200000	0.000000	0.000000
axon[0](0.615)	32.600000	0.000000	0.000000
axon[0](0.625)	33.000000	0.000000	0.000000
axon[0](0.635)	33.400000	0.000000	0.000000
axon[0](0.645)	33.800000	0.000000	0.000000
axon[0](0.655)	34.200000	0.000000	0.000000
axon[0](0.665)	34.600000	0.000000	0.000000
axon[0](0.675)	35.000000	0.000000	0.000000
axon[0](0.685)	35.400000	0.000000	0.000000
axon[0](0.695)	35.800000	0.000000	0.000000
axon[0](0.705)	36.200000	0.000000	0.000000
axon[0](0.715)	36.600000	0.000000	0.000000
axon[0](0.725)	37.000000	0.000000	0.000000
axon[0](0.735)	37.400000	0.000000	0.000000
axon[0](0.745)	37.800000	0.000000	0.000000
axon[0](0.755)	38.200000	0.000000	0.000000
axon[0](0.765)	38.600000	0.000000	0.000000
axon[0](0.775)	39.000000	0.000000	0.000000
axon[0](0.785)	39.400000	0.000000	0.000000
axon[0](0.795)	39.800000	0.000000	0.000000
axon[0](0.805)	40.200000	0.000000	0.000000
axon[0](0.815)	40.600000	0.000000	0.000000
axon[0](0.825)	41.000000	0.000000	0.000000
axon[0](0.835)	41.400000	0.000000	0.000000
axon[0](0.845)	41.800000	0.000000	0.000000
axon[0](0.855)	42.200000	0.000000	0.000000
axon[0](0.865)	42.600000	0.000000	0.000000
axon[0](0.875)	43.000000	0.000000	0.000000
axon[0](0.885)	43.400000	0.000000	0.000000
axon[0](0.895)	43.800000	0.000000	0.000000
axon[0](0.905)	44.200000	0.000000	0.000000
axon[0](0.915)	44.600000	0.000000	0.000000
axon[0](0.925)	45.000000	0.000000	0.000000
axon[0](0.935)	45.400000	0.000000	0.000000
axon[0](0.945)	45.800000	0.000000	0.000000
axon[0](0.955)	46.200000	0.000000	0.000000
axon[0](0.965)	46.600000	0.000000	0.000000
axon[0](0.975)	47.000000	0.000000	0.000000
axon[0](0.985)	47.400000	0.000000	0.000000
axon[0](0.995)	47.800000	0.000000	0.000000
axonHillock[0](0.5)	-9.000000	0.000000	0.000000
axonHillock[1](0.5)	-7.000000	0.000000	0.000000
axonHillock[2](0.5)	-5.000000	0.000000	0.000000
axonHillock[3](0.5)	-3.000000	0.000000	0.000000
axonHillock[4](0.5)	-1.000000	0.000000	0.000000
axonHillock[5](0.5)	1.000000	0.000000	0.000000
axonHillock[6](0.5)	3.000000	0.000000	0.000000
axonHillock[7](0.5)	5.000000	0.000000	0.000000
axonHillock[8](0.5)	7.000000	0.000000	0.000000
dend[0](0.00409836)	-1950.213115	0.000000	0.000000
dend[0](0.0122951)	-1934.639344	0.000000	0.000000
dend[0](0.0204918)	-1919.065574	0.000000	0.000000
dend[0](0.0286885)	-1903.491803	0.000000	0.000000
dend[0](0.0368852)	-1887.918033	0.000000	0.000000
dend[0](0.045082)	-1872.344262	0.000000	0.000000
dend[0](0.0532787)	-1856.770492	0.000000	0.000000
dend[0](0.0614754)	-1841.196721	0.000000	0.000000
dend[0](0.0696721)	-1825.622951	0.000000	0.000000
dend[0](0.0778689)	-1810.049180	0.000000	0.000000
dend[0](0.0860656)	-1794.475410	0.000000	0.000000
dend[0](0.0942623)	-1778.901639	0.000000	0.000000
dend[0](0.102459)	-1763.327869	0.000000	0.000000
dend[0](0.110656)	-1747.754098	0.000000	0.000000
dend[0](0.118852)	-1732.180328	0.000000	0.000000
dend[0](0.127049)	-1716.606557	0.000000	0.000000
dend[0](0.135246)	-1701.032787	0.000000	0.000000
dend[0](0.143443)	-1685.459016	0.000000	0.000000
dend[0](0.151639)	-1669.885246	0.000000	0.000000
dend[0](0.159836)	-1654.311475	0.000000	0.000000
dend[0](0.168033)	-1638.737705	0.000000	0.000000
dend[0](0.17623)	-1623.163934	0.000000	0.000000
dend[0](0.184426)	-1607.590164	0.000000	0.000000
dend[0](0.192623)	-1592.016393	0.000000	0.000000
dend[0](0.20082)	-1576.442623	0.000000	0.000000
dend[0](0.209016)	-1560.868852	0.000000	0.000000
dend[0](0.217213)	-1545.295082	0.000000	0.000000
dend[0](0.22541)	-1529.721311	0.000000	0.000000
dend[0](0.233607)	-1514.147541	0.000000	0.000000
dend[0](0.241803)	-1498.573770	0.000000	0.000000
dend[0](0.25)	-1483.000000	0.000000	0.000000
dend[0](0.258197)	-1467.426230	0.000000	0.000000
dend[0](0.266393)	-1451.852459	0.000000	0.000000
dend[0](0.27459)	-1436.278689	0.000000	0.000000
dend[0](0.282787)	-1420.704918	0.000000	0.000000
dend[0](0.290984)	-1405.131148	0.000000	0.000000
dend[0](0.29918)	-1389.557377	0.000000	0.000000
dend[0](0.307377)	-1373.983607	0.000000	0.000000
dend[0](0.315574)	-1358.409836	0.000000	0.000000
dend[0](0.32377)	-1342.836066	0.000000	0.000000
dend[0](0.331967)	-1327.262295	0.000000	0.000000
dend[0](0.340164)	-1311.688525	0.000000	0.000000
dend[0](0.348361)	-1296.114754	0.000000	0.000000
dend[0](0.356557)	-1280.540984	0.000000	0.000000
dend[0](0.364754)	-1264.967213	0.000000	0.000000
dend[0](0.372951)	-1249.393443	0.000000	0.000000
dend[0](0.381148)	-1233.819672	0.000000	0.000000
dend[0](0.389344)	-1218.245902	0.000000	0.000000
dend[0](0.397541)	-1202.672131	0.000000	0.000000
dend[0](0.405738)	-1187.098361	0.000000	0.000000
dend[0](0.413934)	-1171.524590	0.000000	0.000000
dend[0](0.422131)	-1155.950820	0.000000	0.000000
dend[0](0.430328)	-1140.377049	0.000000	0.000000
dend[0](0.438525)	-1124.803279	0.000000	0.000000
dend[0](0.446721)	-1109.229508	0.000000	0.000000
dend[0](0.454918)	-1093.655738	0.000000	0.000000
dend[0](0.463115)	-1078.081967	0.000000	0.000000
dend[0](0.471311)	-1062.508197	0.000000	0.000000
dend[0](0.479508)	-1046.934426	0.000000	0.000000
dend[0](0.487705)	-1031.360656	0.000000	0.000000
dend[0](0.495902)	-1015.786885	0.000000	0.000000
dend[0](0.504098)	-1000.213115	0.000000	0.000000
dend[0](0.512295)	-984.639344	0.000000	0.000000
dend[0](0.520492)	-969.065574	0.000000	0.000000
dend[0](0.528689)	-953.491803	0.000000	0.000000
dend[0](0.536885)	-937.918033	0.000000	0.000000
dend[0](0.545082)	-922.344262	0.000000	0.000000
dend[0](0.553279)	-906.770492	0.000000	0.000000
dend[0](0.561475)	-891.196721	0.000000	0.000000
dend[0](0.569672)	-875.622951	0.000000	0.000000
dend[0](0.577869)	-860.049180	0.000000	0.000000
dend[0](0.586066)	-844.475410	0.000000	0.000000
dend[0](0.594262)	-828.901639	0.000000	0.000000
dend[0](0.602459)	-813.327869	0.000000	0.000000
dend[0](0.610656)	-797.754098	0.000000	0.000000
dend[0](0.618852)	-782.180328	0.000000	0.000000
dend[0](0.627049)	-766.606557	0.000000	0.000000
dend[0](0.635246)	-751.032787	0.000000	0.000000
dend[0](0.643443)	-735.459016	0.000000	0.000000
dend[0](0.651639)	-719.885246	0.000000	0.000000
dend[0](0.659836)	-704.311475	0.000000	0.000000
dend[0](0.668033)	-688.737705	0.000000	0.000000
dend[0](0.67623)	-673.163934	0.000000	0.000000
dend[0](0.684426)	-657.590164	0.000000	0.000000
dend[0](0.692623)	-642.016393	0.000000	0.000000
dend[0](0.70082)	-626.442623	0.000000	0.000000
dend[0](0.709016)	-610.868852	0.000000	0.000000
dend[0](0.717213)	-595.295082	0.000000	0.000000
dend[0](0.72541)	-579.721311	0.000000	0.000000
dend[0](0.733607)	-564.147541	0.000000	0.000000
dend[0](0.741803)	-548.573770	0.000000	0.000000
dend[0](0.75)	-533.000000	0.000000	0.000000
dend[0](0.758197)	-517.426230	0.000000	0.000000
dend[0](0.766393)	-501.852459	0.000000	0.000000
dend[0](0.77459)	-486.278689	0.000000	0.000000
dend[0](0.782787)	-470.704918	0.000000	0.000000
dend[0](0.790984)	-455.131148	0.000000	0.000000
dend[0](0.79918)	-439.557377	0.000000	0.000000
dend[0](0.807377)	-423.983607	0.000000	0.000000
dend[0](0.815574)	-408.409836	0.000000	0.000000
dend[0](0.82377)	-392.836066	0.000000	0.000000
dend[0](0.831967)	-377.262295	0.000000	0.000000
dend[0](0.840164)	-361.688525	0.000000	0.000000
dend[0](0.848361)	-346.114754	0.000000	0.000000
dend[0](0.856557)	-330.540984	0.000000	0.000000
dend[0](0.864754)	-314.967213	0.000000	0.000000
dend[0](0.872951)	-299.393443	0.000000	0.000000
dend[0](0.881148)	-283.819672	0.000000	0.000000
dend[0](0.889344)	-268.245902	0.000000	0.000000
dend[0](0.897541)	-252.672131	0.000000	0.000000
dend[0](0.905738)	-237.098361	0.000000	0.000000
dend[0](0.913934)	-221.524590	0.000000	0.000000
dend[0](0.922131)	-205.950820	0.000000	0.000000
dend[0](0.930328)	-190.377049	0.000000	0.000000
dend[0](0.938525)	-174.803279	0.000000	0.000000
dend[0](0.946721)	-159.229508	0.000000	0.000000
dend[0](0.954918)	-143.655738	0.000000	0.000000
dend[0](0.963115)	-128.081967	0.000000	0.000000
dend[0](0.971311)	-112.508197	0.000000	0.000000
dend[0](0.979508)	-96.934426	0.000000	0.000000
dend[0](0.987705)	-81.360656	0.000000	0.000000
dend[0](0.995902)	-65.786885	0.000000	0.000000
dend[1](0.005)	-2057.500000	0.000000	0.000000
dend[1](0.015)	-2056.500000	0.000000	0.000000
dend[1](0.025)	-2055.500000	0.000000	0.000000
dend[1](0.035)	-2054.500000	0.000000	0.000000
dend[1](0.045)	-2053.500000	0.000000	0.000000
dend[1](0.055)	-2052.500000	0.000000	0.000000
dend[1](0.065)	-2051.500000	0.000000	0.000000
dend[1](0.075)	-2050.500000	0.000000	0.000000
dend[1](0.085)	-2049.500000	0.000000	0.000000
dend[1](0.095)	-2048.500000	0.000000	0.000000
dend[1](0.105)	-2047.500000	0.000000	0.000000
dend[1](0.115)	-2046.500000	0.000000	0.000000
dend[1](0.125)	-2045.500000	0.000000	0.000000
dend[1](0.135)	-2044.500000	0.000000	0.000000
dend[1](0.145)	-2043.500000	0.000000	0.000000
dend[1](0.155)	-2042.500000	0.000000	0.000000
dend[1](0.165)	-2041.500000	0.000000	0.000000
dend[1](0.175)	-2040.500000	0.000000	0.000000
dend[1](0.185)	-2039.500000	0.000000	0.000000
dend[1](0.195)	-2038.500000	0.000000	0.000000
dend[1](0.205)	-2037.500000	0.000000	0.000000
dend[1](0.215)	-2036.500000	0.000000	0.000000
dend[1](0.225)	-2035.500000	0.000000	0.000000
dend[1](0.235)	-2034.500000	0.000000	0.000000
dend[1](0.245)	-2033.500000	0.000000	0.000000
dend[1](0.255)	-2032.500000	0.000000	0.000000
dend[1](0.265)	-2031.500000	0.000000	0.000000
dend[1](0.275)	-2030.500000	0.000000	0.000000
dend[1](0.285)	-2029.500000	0.000000	0.000000
dend[1](0.295)	-2028.500000	0.000000	0.000000
dend[1](0.305)	-2027.500000	0.000000	0.000000
dend[1](0.315)	-2026.500000	0.000000	0.000000
dend[1](0.325)	-2025.500000	0.000000	0.000000
dend[1](0.335)	-2024.500000	0.000000	0.000000
dend[1](0.345)	-2023.500000	0.000000	0.000000
dend[1](0.355)	-2022.500000	0.000000	0.000000
dend[1](0.365)	-2021.500000	0.000000	0.000000
dend[1](0.375)	-2020.500000	0.000000	0.000000
dend[1](0.385)	-2019.500000	0.000000	0.000000
dend[1](0.395)	-2018.500000	0.000000	0.000000
dend[1](0.405)	-2017.500000	0.000000	0.000000
dend[1](0.415)	-2016.500000	0.000000	0.000000
dend[1](0.425)	-2015.500000	0.000000	0.000000
dend[1](0.435)	-2014.500000	0.000000	0.000000
dend[1](0.445)	-2013.500000	0.000000	0.000000
dend[1](0.455)	-2012.500000	0.000000	0.000000
dend[1](0.465)	-2011.500000	0.000000	0.000000
dend[1](0.475)	-2010.500000	0.000000	0.000000
dend[1](0.485)	-2009.500000	0.000000	0.000000
dend[1](0.495)	-2008.500000	0.000000	0.000000
dend[1](0.505)	-2007.500000	0.000000	0.000000
dend[1](0.515)	-2006.500000	0.000000	0.000000
dend[1](0.525)	-2005.500000	0.000000	0.000000
dend[1](0.535)	-2004.500000	0.000000	0.000000
dend[1](0.545)	-2003.500000	0.000000	0.000000
dend[1](0.555)	-2002.500000	0.000000	0.000000
dend[1](0.565)	-2001.500000	0.000000	0.000000
dend[1](0.575)	-2000.500000	0.000000	0.000000
dend[1](0.585)	-1999.500000	0.000000	0.000000
dend[1](0.595)	-1998.500000	0.000000	0.000000
dend[1](0.605)	-1997.500000	0.000000	0.000000
dend[1](0.615)	-1996.500000	0.000000	0.000000
dend[1](0.625)	-1995.500000	0.000000	0.000000
dend[1](0.635)	-1994.500000	0.000000	0.000000
dend[1](0.645)	-1993.500000	0.000000	0.000000
dend[1](0.655)	-1992.500000	0.000000	0.000000
dend[1](0.665)	-1991.500000	0.000000	0.000000
dend[1](0.675)	-1990.500000	0.000000	0.000000
dend[1](0.685)	-1989.500000	0.000000	0.000000
dend[1](0.695)	-1988.500000	0.000000	0.000000
dend[1](0.705)	-1987.500000	0.000000	0.000000
dend[1](0.715)	-1986.500000	0.000000	0.000000
dend[1](0.725)	-1985.500000	0.000000	0.000000
dend[1](0.735)	-1984.500000	0.000000	0.000000
dend[1](0.745)	-1983.500000	0.000000	0.000000
dend[1](0.755)	-1982.500000	0.000000	0.000000
dend[1](0.765)	-1981.500000	0.000000	0.000000
dend[1](0.775)	-1980.500000	0.000000	0.000000
dend[1](0.785)	-1979.500000	0.000000	0.000000
dend[1](0.795)	-1978.500000	0.000000	0.000000
dend[1](0.805)	-1977.500000	0.000000	0.000000
dend[1](0.815)	-1976.500000	0.000000	0.000000
dend[1](0.825)	-1975.500000	0.000000	0.000000
dend[1](0.835)	-1974.500000	0.000000	0.000000
dend[1](0.845)	-1973.500000	0.000000	0.000000
dend[1](0.855)	-1972.500000	0.000000	0.000000
dend[1](0.865)	-1971.500000	0.000000	0.000000
dend[1](0.875)	-1970.500000	0.000000	0.000000
dend[1](0.885)	-1969.500000	0.000000	0.000000
dend[1](0.895)	-1968.500000	0.000000	0.000000
dend[1](0.905)	-1967.500000	0.000000	0.000000
dend[1](0.915)	-1966.500000	0.000000	0.000000
dend[1](0.925)	-1965.500000	0.000000	0.000000
dend[1](0.935)	-1964.500000	0.000000	0.000000
dend[1](0.945)	-1963.500000	0.000000	0.000000
dend[1](0.955)	-1962.500000	0.000000	0.000000
dend[1](0.965)	-1961.500000	0.000000	0.000000
dend[1](0.975)	-1960.500000	0.000000	0.000000
dend[1](0.985)	-1959.500000	0.000000	0.000000
dend[1](0.995)	-1958.500000	0.000000	0.000000
myelin[0](0.005)	51.000000	0.000000	0.000000
myelin[0](0.015)	57.000000	0.000000	0.000000
myelin[0](0.025)	63.000000	0.000000	0.000000
myelin[0](0.035)	69.000000	0.000000	0.000000
myelin[0](0.045)	75.000000	0.000000	0.000000
myelin[0](0.055)	81.000000	0.000000	0.000000
myelin[0](0.065)	87.000000	0.000000	0.000000
myelin[0](0.075)	93.000000	0.000000	0.000000
myelin[0](0.085)	99.000000	0.000000	0.000000
myelin[0](0.095)	105.000000	0.000000	0.000000
myelin[0](0.105)	111.000000	0.000000	0.000000
myelin[0](0.115)	117.000000	0.000000	0.000000
myelin[0](0.125)	123.000000	0.000000	0.000000
myelin[0](0.135)	129.000000	0.000000	0.000000
myelin[0](0.145)	135.000000	0.000000	0.000000
myelin[0](0.155)	141.000000	0.000000	0.000000
myelin[0](0.165)	147.000000	0.000000	0.000000
myelin[0](0.175)	153.000000	0.000000	0.000000
myelin[0](0.185)	159.000000	0.000000	0.000000
myelin[0](0.195)	165.000000	0.000000	0.000000
myelin[0](0.205)	171.000000	0.000000	0.000000
myelin[0](0.215)	177.000000	0.000000	0.000000
myelin[0](0.225)	183.000000	0.000000	0.000000
myelin[0](0.235)	189.000000	0.000000	0.000000
myelin[0](0.245)	195.000000	0.000000	0.000000
myelin[0](0.255)	201.000000	0.000000	0.000000
myelin[0](0.265)	207.000000	0.000000	0.000000
myelin[0](0.275)	213.000000	0.000000	0.000000
myelin[0](0.285)	219.000000	0.000000	0.000000
myelin[0](0.295)	225.000000	0.000000	0.000000
myelin[0](0.305)	231.000000	0.000000	0.000000
myelin[0](0.315)	237.000000	0.000000	0.000000
myelin[0](0.325)	243.000000	0.000000	0.000000
myelin[0](0.335)	249.000000	0.000000	0.000000
myelin[0](0.345)	255.000000	0.000000	0.000000
myelin[0](0.355)	261.000000	0.000000	0.000000
myelin[0](0.365)	267.000000	0.000000	0.000000
myelin[0](0.375)	273.000000	0.000000	0.000000
myelin[0](0.385)	279.000000	0.000000	0.000000
myelin[0](0.395)	285.000000	0.000000	0.000000
myelin[0](0.405)	291.000000	0.000000	0.000000
myelin[0](0.415)	297.000000	0.000000	0.000000
myelin[0](0.425)	303.000000	0.000000	0.000000
myelin[0](0.435)	309.000000	0.000000	0.000000
myelin[0](0.445)	315.000000	0.000000	0.000000
myelin[0](0.455)	321.000000	0.000000	0.000000
myelin[0](0.465)	327.000000	0.000000	0.000000
myelin[0](0.475)	333.000000	0.000000	0.000000
myelin[0](0.485)	339.000000	0.000000	0.000000
myelin[0](0.495)	345.000000	0.000000	0.000000
myelin[0](0.505)	351.000000	0.000000	0.000000
myelin[0](0.515)	357.000000	0.000000	0.000000
myelin[0](0.525)	363.000000	0.000000	0.000000
myelin[0](0.535)	369.000000	0.000000	0.000000
myelin[0](0.545)	375.000000	0.000000	0.000000
myelin[0](0.555)	381.000000	0.000000	0.000000
myelin[0](0.565)	387.000000	0.000000	0.000000
myelin[0](0.575)	393.000000	0.000000	0.000000
myelin[0](0.585)	399.000000	0.000000	0.000000
myelin[0](0.595)	405.000000	0.000000	0.000000
myelin[0](0.605)	411.000000	0.000000	0.000000
myelin[0](0.615)	417.000000	0.000000	0.000000
myelin[0](0.625)	423.000000	0.000000	0.000000
myelin[0](0.635)	429.000000	0.000000	0.000000
myelin[0](0.645)	435.000000	0.000000	0.000000
myelin[0](0.655)	441.000000	0.000000	0.000000
myelin[0](0.665)	447.000000	0.000000	0.000000
myelin[0](0.675)	453.000000	0.000000	0.000000
myelin[0](0.685)	459.000000	0.000000	0.000000
myelin[0](0.695)	465.000000	0.000000	0.000000
myelin[0](0.705)	471.000000	0.000000	0.000000
myelin[0](0.715)	477.000000	0.000000	0.000000
myelin[0](0.725)	483.000000	0.000000	0.000000
myelin[0](0.735)	489.000000	0.000000	0.000000
myelin[0](0.745)	495.000000	0.000000	0.000000
myelin[0](0.755)	501.000000	0.000000	0.000000
myelin[0](0.765)	507.000000	0.000000	0.000000
myelin[0](0.775)	513.000000	0.000000	0.000000
myelin[0](0.785)	519.000000	0.000000	0.000000
myelin[0](0.795)	525.000000	0.000000	0.000000
myelin[0](0.805)	531.000000	0.000000	0.000000
myelin[0](0.815)	537.000000	0.000000	0.000000
myelin[0](0.825)	543.000000	0.000000	0.000000
myelin[0](0.835)	549.000000	0.000000	0.000000
myelin[0](0.845)	555.000000	0.000000	0.000000
myelin[0](0.855)	561.000000	0.000000	0.000000
myelin[0](0.865)	567.000000	0.000000	0.000000
myelin[0](0.875)	573.000000	0.000000	0.000000
myelin[0](0.885)	579.000000	0.000000	0.000000
myelin[0](0.895)	585.000000	0.000000	0.000000
myelin[0](0.905)	591.000000	0.000000	0.000000
myelin[0](0.915)	597.000000	0.000000	0.000000
myelin[0](0.925)	603.000000	0.000000	0.000000
myelin[0](0.935)	609.000000	0.000000	0.000000
myelin[0](0.945)	615.000000	0.000000	0.000000
myelin[0](0.955)	621.000000	0.000000	0.000000
myelin[0](0.965)	627.000000	0.000000	0.000000
myelin[0](0.975)	633.000000	0.000000	0.000000
myelin[0](0.985)	639.000000	0.000000	0.000000
myelin[0](0.995)	645.000000	0.000000	0.000000
