name	x	y	z
soma[0](0.005)	-5.120000	0.000000	0.000000
soma[0](0.015)	-5.360000	0.000000	0.000000
soma[0](0.025)	-5.600000	0.000000	0.000000
soma[0](0.035)	-5.840000	0.000000	0.000000
soma[0](0.045)	-6.080000	0.000000	0.000000
soma[0](0.055)	-6.320000	0.000000	0.000000
soma[0](0.065)	-6.560000	0.000000	0.000000
soma[0](0.075)	-6.800000	0.000000	0.000000
soma[0](0.085)	-7.040000	0.000000	0.000000
soma[0](0.095)	-7.280000	0.000000	0.000000
soma[0](0.105)	-7.520000	0.000000	0.000000
soma[0](0.115)	-7.760000	0.000000	0.000000
soma[0](0.125)	-8.000000	0.000000	0.000000
soma[0](0.135)	-8.240000	0.000000	0.000000
soma[0](0.145)	-8.480000	0.000000	0.000000
soma[0](0.155)	-8.720000	0.000000	0.000000
soma[0](0.165)	-8.960000	0.000000	0.000000
soma[0](0.175)	-9.200000	0.000000	0.000000
soma[0](0.185)	-9.440000	0.000000	0.000000
soma[0](0.195)	-9.680000	0.000000	0.000000
soma[0](0.205)	-9.920000	0.000000	0.000000
soma[0](0.215)	-10.160000	0.000000	0.000000
soma[0](0.225)	-10.400000	0.000000	0.000000
soma[0](0.235)	-10.640000	0.000000	0.000000
soma[0](0.245)	-10.880000	0.000000	0.000000
soma[0](0.255)	-11.120000	0.000000	0.000000
soma[0](0.265)	-11.360000	0.000000	0.000000
soma[0](0.275)	-11.600000	0.000000	0.000000
soma[0](0.285)	-11.840000	0.000000	0.000000
soma[0](0.295)	-12.080000	0.000000	0.000000
soma[0](0.305)	-12.320000	0.000000	0.000000
soma[0](0.315)	-12.560000	0.000000	0.000000
soma[0](0.325)	-12.800000	0.000000	0.000000
soma[0](0.335)	-13.040000	0.000000	0.000000
soma[0](0.345)	-13.280000	0.000000	0.000000
soma[0](0.355)	-13.520000	0.000000	0.000000
soma[0](0.365)	-13.760000	0.000000	0.000000
soma[0](0.375)	-14.000000	0.000000	0.000000
soma[0](0.385)	-14.240000	0.000000	0.000000
soma[0](0.395)	-14.480000	0.000000	0.000000
soma[0](0.405)	-14.720000	0.000000	0.000000
soma[0](0.415)	-14.960000	0.000000	0.000000
soma[0](0.425)	-15.200000	0.000000	0.000000
soma[0](0.435)	-15.440000	0.000000	0.000000
soma[0](0.445)	-15.680000	0.000000	0.000000
soma[0](0.455)	-15.920000	0.000000	0.000000
soma[0](0.465)	-16.160000	0.000000	0.000000
soma[0](0.475)	-16.400000	0.000000	0.000000
soma[0](0.485)	-16.640000	0.000000	0.000000
soma[0](0.495)	-16.880000	0.000000	0.000000
soma[0](0.505)	-17.120000	0.000000	0.000000
soma[0](0.515)	-17.360000	0.000000	0.000000
soma[0](0.525)	-17.600000	0.000000	0.000000
soma[0](0.535)	-17.840000	0.000000	0.000000
soma[0](0.545)	-18.080000	0.000000	0.000000
soma[0](0.555)	-18.320000	0.000000	0.000000
soma[0](0.565)	-18.560000	0.000000	0.000000
soma[0](0.575)	-18.800000	0.000000	0.000000
soma[0](0.585)	-19.040000	0.000000	0.000000
soma[0](0.595)	-19.280000	0.000000	0.000000
soma[0](0.605)	-19.520000	0.000000	0.000000
soma[0](0.615)	-19.760000	0.000000	0.000000
soma[0](0.625)	-20.000000	0.000000	0.000000
soma[0](0.635)	-20.240000	0.000000	0.000000
soma[0](0.645)	-20.480000	0.000000	0.000000
soma[0](0.655)	-20.720000	0.000000	0.000000
soma[0](0.665)	-20.960000	0.000000	0.000000
soma[0](0.675)	-21.200000	0.000000	0.000000
soma[0](0.685)	-21.440000	0.000000	0.000000
soma[0](0.695)	-21.680000	0.000000	0.000000
soma[0](0.705)	-21.920000	0.000000	0.000000
soma[0](0.715)	-22.160000	0.000000	0.000000
soma[0](0.725)	-22.400000	0.000000	0.000000
soma[0](0.735)	-22.640000	0.000000	0.000000
soma[0](0.745)	-22.880000	0.000000	0.000000
soma[0](0.755)	-23.120000	0.000000	0.000000
soma[0](0.765)	-23.360000	0.000000	0.000000
soma[0](0.775)	-23.600000	0.000000	0.000000
soma[0](0.785)	-23.840000	0.000000	0.000000
soma[0](0.795)	-24.080000	0.000000	0.000000
soma[0](0.805)	-24.320000	0.000000	0.000000
soma[0](0.815)	-24.560000	0.000000	0.000000
soma[0](0.825)	-24.800000	0.000000	0.000000
soma[0](0.835)	-25.040000	0.000000	0.000000
soma[0](0.845)	-25.280000	0.000000	0.000000
soma[0](0.855)	-25.520000	0.000000	0.000000
soma[0](0.865)	-25.760000	0.000000	0.000000
soma[0](0.875)	-26.000000	0.000000	0.000000
soma[0](0.885)	-26.240000	0.000000	0.000000
soma[0](0.895)	-26.480000	0.000000	0.000000
soma[0](0.905)	-26.720000	0.000000	0.000000
soma[0](0.915)	-26.960000	0.000000	0.000000
soma[0](0.925)	-27.200000	0.000000	0.000000
soma[0](0.935)	-27.440000	0.000000	0.000000
soma[0](0.945)	-27.680000	0.000000	0.000000
soma[0](0.955)	-27.920000	0.000000	0.000000
soma[0](0.965)	-28.160000	0.000000	0.000000
soma[0](0.975)	-28.400000	0.000000	0.000000
soma[0](0.985)	-28.640000	0.000000	0.000000
soma[0](0.995)	-28.880000	0.000000	0.000000
axon[0](0.005)	4.100000	0.000000	0.000000
axon[0](0.015)	4.300000	0.000000	0.000000
axon[0](0.025)	4.500000	0.000000	0.000000
axon[0](0.035)	4.700000	0.000000	0.000000
axon[0](0.045)	4.900000	0.000000	0.000000
axon[0](0.055)	5.100000	0.000000	0.000000
axon[0](0.065)	5.300000	0.000000	0.000000
axon[0](0.075)	5.500000	0.000000	0.000000
axon[0](0.085)	5.700000	0.000000	0.000000
axon[0](0.095)	5.900000	0.000000	0.000000
axon[0](0.105)	6.100000	0.000000	0.000000
axon[0](0.115)	6.300000	0.000000	0.000000
axon[0](0.125)	6.500000	0.000000	0.000000
axon[0](0.135)	6.700000	0.000000	0.000000
axon[0](0.145)	6.900000	0.000000	0.000000
axon[0](0.155)	7.100000	0.000000	0.000000
axon[0](0.165)	7.300000	0.000000	0.000000
axon[0](0.175)	7.500000	0.000000	0.000000
axon[0](0.185)	7.700000	0.000000	0.000000
axon[0](0.195)	7.900000	0.000000	0.000000
axon[0](0.205)	8.100000	0.000000	0.000000
axon[0](0.215)	8.300000	0.000000	0.000000
axon[0](0.225)	8.500000	0.000000	0.000000
axon[0](0.235)	8.700000	0.000000	0.000000
axon[0](0.245)	8.900000	0.000000	0.000000
axon[0](0.255)	9.100000	0.000000	0.000000
axon[0](0.265)	9.300000	0.000000	0.000000
axon[0](0.275)	9.500000	0.000000	0.000000
axon[0](0.285)	9.700000	0.000000	0.000000
axon[0](0.295)	9.900000	0.000000	0.000000
axon[0](0.305)	10.100000	0.000000	0.000000
axon[0](0.315)	10.300000	0.000000	0.000000
axon[0](0.325)	10.500000	0.000000	0.000000
axon[0](0.335)	10.700000	0.000000	0.000000
axon[0](0.345)	10.900000	0.000000	0.000000
axon[0](0.355)	11.100000	0.000000	0.000000
axon[0](0.365)	11.300000	0.000000	0.000000
axon[0](0.375)	11.500000	0.000000	0.000000
axon[0](0.385)	11.700000	0.000000	0.000000
axon[0](0.395)	11.900000	0.000000	0.000000
axon[0](0.405)	12.100000	0.000000	0.000000
axon[0](0.415)	12.300000	0.000000	0.000000
axon[0](0.425)	12.500000	0.000000	0.000000
axon[0](0.435)	12.700000	0.000000	0.000000
axon[0](0.445)	12.900000	0.000000	0.000000
axon[0](0.455)	13.100000	0.000000	0.000000
axon[0](0.465)	13.300000	0.000000	0.000000
axon[0](0.475)	13.500000	0.000000	0.000000
axon[0](0.485)	13.700000	0.000000	0.000000
axon[0](0.495)	13.900000	0.000000	0.000000
axon[0](0.505)	14.100000	0.000000	0.000000
axon[0](0.515)	14.300000	0.000000	0.000000
axon[0](0.525)	14.500000	0.000000	0.000000
axon[0](0.535)	14.700000	0.000000	0.000000
axon[0](0.545)	14.900000	0.000000	0.000000
axon[0](0.555)	15.100000	0.000000	0.000000
axon[0](0.565)	15.300000	0.000000	0.000000
axon[0](0.575)	15.500000	0.000000	0.000000
axon[0](0.585)	15.700000	0.000000	0.000000
axon[0](0.595)	15.900000	0.000000	0.000000
axon[0](0.605)	16.100000	0.000000	0.000000
axon[0](0.615)	16.300000	0.000000	0.000000
axon[0](0.625)	16.500000	0.000000	0.000000
axon[0](0.635)	16.700000	0.000000	0.000000
axon[0](0.645)	16.900000	0.000000	0.000000
axon[0](0.655)	17.100000	0.000000	0.000000
axon[0](0.665)	17.300000	0.000000	0.000000
axon[0](0.675)	17.500000	0.000000	0.000000
axon[0](0.685)	17.700000	0.000000	0.000000
axon[0](0.695)	17.900000	0.000000	0.000000
axon[0](0.705)	18.100000	0.000000	0.000000
axon[0](0.715)	18.300000	0.000000	0.000000
axon[0](0.725)	18.500000	0.000000	0.000000
axon[0](0.735)	18.700000	0.000000	0.000000
axon[0](0.745)	18.900000	0.000000	0.000000
axon[0](0.755)	19.100000	0.000000	0.000000
axon[0](0.765)	19.300000	0.000000	0.000000
axon[0](0.775)	19.500000	0.000000	0.000000
axon[0](0.785)	19.700000	0.000000	0.000000
axon[0](0.795)	19.900000	0.000000	0.000000
axon[0](0.805)	20.100000	0.000000	0.000000
axon[0](0.815)	20.300000	0.000000	0.000000
axon[0](0.825)	20.500000	0.000000	0.000000
axon[0](0.835)	20.700000	0.000000	0.000000
axon[0](0.845)	20.900000	0.000000	0.000000
axon[0](0.855)	21.100000	0.000000	0.000000
axon[0](0.865)	21.300000	0.000000	0.000000
axon[0](0.875)	21.500000	0.000000	0.000000
axon[0](0.885)	21.700000	0.000000	0.000000
axon[0](0.895)	21.900000	0.000000	0.000000
axon[0](0.905)	22.100000	0.000000	0.000000
axon[0](0.915)	22.300000	0.000000	0.000000
axon[0](0.925)	22.500000	0.000000	0.000000
axon[0](0.935)	22.700000	0.000000	0.000000
axon[0](0.945)	22.900000	0.000000	0.000000
axon[0](0.955)	23.100000	0.000000	0.000000
axon[0](0.965)	23.300000	0.000000	0.000000
axon[0](0.975)	23.500000	0.000000	0.000000
axon[0](0.985)	23.700000	0.000000	0.000000
axon[0](0.995)	23.900000	0.000000	0.000000
axonHillock[0](0.5)	-4.500000	0.000000	0.000000
axonHillock[1](0.5)	-3.500000	0.000000	0.000000
axonHillock[2](0.5)	-2.500000	0.000000	0.000000
axonHillock[3](0.5)	-1.500000	0.000000	0.000000
axonHillock[4](0.5)	-0.500000	0.000000	0.000000
axonHillock[5](0.5)	0.500000	0.000000	0.000000
axonHillock[6](0.5)	1.500000	0.000000	0.000000
axonHillock[7](0.5)	2.500000	0.000000	0.000000
axonHillock[8](0.5)	3.500000	0.000000	0.000000
dend[0](0.00409836)	-975.106557	0.000000	0.000000
dend[0](0.0122951)	-967.319672	0.000000	0.000000
dend[0](0.0204918)	-959.532787	0.000000	0.000000
dend[0](0.0286885)	-951.745902	0.000000	0.000000
dend[0](0.0368852)	-943.959016	0.000000	0.000000
dend[0](0.045082)	-936.172131	0.000000	0.000000
dend[0](0.0532787)	-928.385246	0.000000	0.000000
dend[0](0.0614754)	-920.598361	0.000000	0.000000
dend[0](0.0696721)	-912.811475	0.000000	0.000000
dend[0](0.0778689)	-905.024590	0.000000	0.000000
dend[0](0.0860656)	-897.237705	0.000000	0.000000
dend[0](0.0942623)	-889.450820	0.000000	0.000000
dend[0](0.102459)	-881.663934	0.000000	0.000000
dend[0](0.110656)	-873.877049	0.000000	0.000000
dend[0](0.118852)	-866.090164	0.000000	0.000000
dend[0](0.127049)	-858.303279	0.000000	0.000000
dend[0](0.135246)	-850.516393	0.000000	0.000000
dend[0](0.143443)	-842.729508	0.000000	0.000000
dend[0](0.151639)	-834.942623	0.000000	0.000000
dend[0](0.159836)	-827.155738	0.000000	0.000000
dend[0](0.168033)	-819.368852	0.000000	0.000000
dend[0](0.17623)	-811.581967	0.000000	0.000000
dend[0](0.184426)	-803.795082	0.000000	0.000000
dend[0](0.192623)	-796.008197	0.000000	0.000000
dend[0](0.20082)	-788.221311	0.000000	0.000000
dend[0](0.209016)	-780.434426	0.000000	0.000000
dend[0](0.217213)	-772.647541	0.000000	0.000000
dend[0](0.22541)	-764.860656	0.000000	0.000000
dend[0](0.233607)	-757.073770	0.000000	0.000000
dend[0](0.241803)	-749.286885	0.000000	0.000000
dend[0](0.25)	-741.500000	0.000000	0.000000
dend[0](0.258197)	-733.713115	0.000000	0.000000
dend[0](0.266393)	-725.926230	0.000000	0.000000
dend[0](0.27459)	-718.139344	0.000000	0.000000
dend[0](0.282787)	-710.352459	0.000000	0.000000
dend[0](0.290984)	-702.565574	0.000000	0.000000
dend[0](0.29918)	-694.778689	0.000000	0.000000
dend[0](0.307377)	-686.991803	0.000000	0.000000
dend[0](0.315574)	-679.204918	0.000000	0.000000
dend[0](0.32377)	-671.418033	0.000000	0.000000
dend[0](0.331967)	-663.631148	0.000000	0.000000
dend[0](0.340164)	-655.844262	0.000000	0.000000
dend[0](0.348361)	-648.057377	0.000000	0.000000
dend[0](0.356557)	-640.270492	0.000000	0.000000
dend[0](0.364754)	-632.483607	0.000000	0.000000
dend[0](0.372951)	-624.696721	0.000000	0.000000
dend[0](0.381148)	-616.909836	0.000000	0.000000
dend[0](0.389344)	-609.122951	0.000000	0.000000
dend[0](0.397541)	-601.336066	0.000000	0.000000
dend[0](0.405738)	-593.549180	0.000000	0.000000
dend[0](0.413934)	-585.762295	0.000000	0.000000
dend[0](0.422131)	-577.975410	0.000000	0.000000
dend[0](0.430328)	-570.188525	0.000000	0.000000
dend[0](0.438525)	-562.401639	0.000000	0.000000
dend[0](0.446721)	-554.614754	0.000000	0.000000
dend[0](0.454918)	-546.827869	0.000000	0.000000
dend[0](0.463115)	-539.040984	0.000000	0.000000
dend[0](0.471311)	-531.254098	0.000000	0.000000
dend[0](0.479508)	-523.467213	0.000000	0.000000
dend[0](0.487705)	-515.680328	0.000000	0.000000
dend[0](0.495902)	-507.893443	0.000000	0.000000
dend[0](0.504098)	-500.106557	0.000000	0.000000
dend[0](0.512295)	-492.319672	0.000000	0.000000
dend[0](0.520492)	-484.532787	0.000000	0.000000
dend[0](0.528689)	-476.745902	0.000000	0.000000
dend[0](0.536885)	-468.959016	0.000000	0.000000
dend[0](0.545082)	-461.172131	0.000000	0.000000
dend[0](0.553279)	-453.385246	0.000000	0.000000
dend[0](0.561475)	-445.598361	0.000000	0.000000
dend[0](0.569672)	-437.811475	0.000000	0.000000
dend[0](0.577869)	-430.024590	0.000000	0.000000
dend[0](0.586066)	-422.237705	0.000000	0.000000
dend[0](0.594262)	-414.450820	0.000000	0.000000
dend[0](0.602459)	-406.663934	0.000000	0.000000
dend[0](0.610656)	-398.877049	0.000000	0.000000
dend[0](0.618852)	-391.090164	0.000000	0.000000
dend[0](0.627049)	-383.303279	0.000000	0.000000
dend[0](0.635246)	-375.516393	0.000000	0.000000
dend[0](0.643443)	-367.729508	0.000000	0.000000
dend[0](0.651639)	-359.942623	0.000000	0.000000
dend[0](0.659836)	-352.155738	0.000000	0.000000
dend[0](0.668033)	-344.368852	0.000000	0.000000
dend[0](0.67623)	-336.581967	0.000000	0.000000
dend[0](0.684426)	-328.795082	0.000000	0.000000
dend[0](0.692623)	-321.008197	0.000000	0.000000
dend[0](0.70082)	-313.221311	0.000000	0.000000
dend[0](0.709016)	-305.434426	0.000000	0.000000
dend[0](0.717213)	-297.647541	0.000000	0.000000
dend[0](0.72541)	-289.860656	0.000000	0.000000
dend[0](0.733607)	-282.073770	0.000000	0.000000
dend[0](0.741803)	-274.286885	0.000000	0.000000
dend[0](0.75)	-266.500000	0.000000	0.000000
dend[0](0.758197)	-258.713115	0.000000	0.000000
dend[0](0.766393)	-250.926230	0.000000	0.000000
dend[0](0.77459)	-243.139344	0.000000	0.000000
dend[0](0.782787)	-235.352459	0.000000	0.000000
dend[0](0.790984)	-227.565574	0.000000	0.000000
dend[0](0.79918)	-219.778689	0.000000	0.000000
dend[0](0.807377)	-211.991803	0.000000	0.000000
dend[0](0.815574)	-204.204918	0.000000	0.000000
dend[0](0.82377)	-196.418033	0.000000	0.000000
dend[0](0.831967)	-188.631148	0.000000	0.000000
dend[0](0.840164)	-180.844262	0.000000	0.000000
dend[0](0.848361)	-173.057377	0.000000	0.000000
dend[0](0.856557)	-165.270492	0.000000	0.000000
dend[0](0.864754)	-157.483607	0.000000	0.000000
dend[0](0.872951)	-149.696721	0.000000	0.000000
dend[0](0.881148)	-141.909836	0.000000	0.000000
dend[0](0.889344)	-134.122951	0.000000	0.000000
dend[0](0.897541)	-126.336066	0.000000	0.000000
dend[0](0.905738)	-118.549180	0.000000	0.000000
dend[0](0.913934)	-110.762295	0.000000	0.000000
dend[0](0.922131)	-102.975410	0.000000	0.000000
dend[0](0.930328)	-95.188525	0.000000	0.000000
dend[0](0.938525)	-87.401639	0.000000	0.000000
dend[0](0.946721)	-79.614754	0.000000	0.000000
dend[0](0.954918)	-71.827869	0.000000	0.000000
dend[0](0.963115)	-64.040984	0.000000	0.000000
dend[0](0.971311)	-56.254098	0.000000	0.000000
dend[0](0.979508)	-48.467213	0.000000	0.000000
dend[0](0.987705)	-40.680328	0.000000	0.000000
dend[0](0.995902)	-32.893443	0.000000	0.000000
dend[1](0.005)	-1028.750000	0.000000	0.000000
dend[1](0.015)	-1028.250000	0.000000	0.000000
dend[1](0.025)	-1027.750000	0.000000	0.000000
dend[1](0.035)	-1027.250000	0.000000	0.000000
dend[1](0.045)	-1026.750000	0.000000	0.000000
dend[1](0.055)	-1026.250000	0.000000	0.000000
dend[1](0.065)	-1025.750000	0.000000	0.000000
dend[1](0.075)	-1025.250000	0.000000	0.000000
dend[1](0.085)	-1024.750000	0.000000	0.000000
dend[1](0.095)	-1024.250000	0.000000	0.000000
dend[1](0.105)	-1023.750000	0.000000	0.000000
dend[1](0.115)	-1023.250000	0.000000	0.000000
dend[1](0.125)	-1022.750000	0.000000	0.000000
dend[1](0.135)	-1022.250000	0.000000	0.000000
dend[1](0.145)	-1021.750000	0.000000	0.000000
dend[1](0.155)	-1021.250000	0.000000	0.000000
dend[1](0.165)	-1020.750000	0.000000	0.000000
dend[1](0.175)	-1020.250000	0.000000	0.000000
dend[1](0.185)	-1019.750000	0.000000	0.000000
dend[1](0.195)	-1019.250000	0.000000	0.000000
dend[1](0.205)	-1018.750000	0.000000	0.000000
dend[1](0.215)	-1018.250000	0.000000	0.000000
dend[1](0.225)	-1017.750000	0.000000	0.000000
dend[1](0.235)	-1017.250000	0.000000	0.000000
dend[1](0.245)	-1016.750000	0.000000	0.000000
dend[1](0.255)	-1016.250000	0.000000	0.000000
dend[1](0.265)	-1015.750000	0.000000	0.000000
dend[1](0.275)	-1015.250000	0.000000	0.000000
dend[1](0.285)	-1014.750000	0.000000	0.000000
dend[1](0.295)	-1014.250000	0.000000	0.000000
dend[1](0.305)	-1013.750000	0.000000	0.000000
dend[1](0.315)	-1013.250000	0.000000	0.000000
dend[1](0.325)	-1012.750000	0.000000	0.000000
dend[1](0.335)	-1012.250000	0.000000	0.000000
dend[1](0.345)	-1011.750000	0.000000	0.000000
dend[1](0.355)	-1011.250000	0.000000	0.000000
dend[1](0.365)	-1010.750000	0.000000	0.000000
dend[1](0.375)	-1010.250000	0.000000	0.000000
dend[1](0.385)	-1009.750000	0.000000	0.000000
dend[1](0.395)	-1009.250000	0.000000	0.000000
dend[1](0.405)	-1008.750000	0.000000	0.000000
dend[1](0.415)	-1008.250000	0.000000	0.000000
dend[1](0.425)	-1007.750000	0.000000	0.000000
dend[1](0.435)	-1007.250000	0.000000	0.000000
dend[1](0.445)	-1006.750000	0.000000	0.000000
dend[1](0.455)	-1006.250000	0.000000	0.000000
dend[1](0.465)	-1005.750000	0.000000	0.000000
dend[1](0.475)	-1005.250000	0.000000	0.000000
dend[1](0.485)	-1004.750000	0.000000	0.000000
dend[1](0.495)	-1004.250000	0.000000	0.000000
dend[1](0.505)	-1003.750000	0.000000	0.000000
dend[1](0.515)	-1003.250000	0.000000	0.000000
dend[1](0.525)	-1002.750000	0.000000	0.000000
dend[1](0.535)	-1002.250000	0.000000	0.000000
dend[1](0.545)	-1001.750000	0.000000	0.000000
dend[1](0.555)	-1001.250000	0.000000	0.000000
dend[1](0.565)	-1000.750000	0.000000	0.000000
dend[1](0.575)	-1000.250000	0.000000	0.000000
dend[1](0.585)	-999.750000	0.000000	0.000000
dend[1](0.595)	-999.250000	0.000000	0.000000
dend[1](0.605)	-998.750000	0.000000	0.000000
dend[1](0.615)	-998.250000	0.000000	0.000000
dend[1](0.625)	-997.750000	0.000000	0.000000
dend[1](0.635)	-997.250000	0.000000	0.000000
dend[1](0.645)	-996.750000	0.000000	0.000000
dend[1](0.655)	-996.250000	0.000000	0.000000
dend[1](0.665)	-995.750000	0.000000	0.000000
dend[1](0.675)	-995.250000	0.000000	0.000000
dend[1](0.685)	-994.750000	0.000000	0.000000
dend[1](0.695)	-994.250000	0.000000	0.000000
dend[1](0.705)	-993.750000	0.000000	0.000000
dend[1](0.715)	-993.250000	0.000000	0.000000
dend[1](0.725)	-992.750000	0.000000	0.000000
dend[1](0.735)	-992.250000	0.000000	0.000000
dend[1](0.745)	-991.750000	0.000000	0.000000
dend[1](0.755)	-991.250000	0.000000	0.000000
dend[1](0.765)	-990.750000	0.000000	0.000000
dend[1](0.775)	-990.250000	0.000000	0.000000
dend[1](0.785)	-989.750000	0.000000	0.000000
dend[1](0.795)	-989.250000	0.000000	0.000000
dend[1](0.805)	-988.750000	0.000000	0.000000
dend[1](0.815)	-988.250000	0.000000	0.000000
dend[1](0.825)	-987.750000	0.000000	0.000000
dend[1](0.835)	-987.250000	0.000000	0.000000
dend[1](0.845)	-986.750000	0.000000	0.000000
dend[1](0.855)	-986.250000	0.000000	0.000000
dend[1](0.865)	-985.750000	0.000000	0.000000
dend[1](0.875)	-985.250000	0.000000	0.000000
dend[1](0.885)	-984.750000	0.000000	0.000000
dend[1](0.895)	-984.250000	0.000000	0.000000
dend[1](0.905)	-983.750000	0.000000	0.000000
dend[1](0.915)	-983.250000	0.000000	0.000000
dend[1](0.925)	-982.750000	0.000000	0.000000
dend[1](0.935)	-982.250000	0.000000	0.000000
dend[1](0.945)	-981.750000	0.000000	0.000000
dend[1](0.955)	-981.250000	0.000000	0.000000
dend[1](0.965)	-980.750000	0.000000	0.000000
dend[1](0.975)	-980.250000	0.000000	0.000000
dend[1](0.985)	-979.750000	0.000000	0.000000
dend[1](0.995)	-979.250000	0.000000	0.000000
myelin[0](0.005)	25.500000	0.000000	0.000000
myelin[0](0.015)	28.500000	0.000000	0.000000
myelin[0](0.025)	31.500000	0.000000	0.000000
myelin[0](0.035)	34.500000	0.000000	0.000000
myelin[0](0.045)	37.500000	0.000000	0.000000
myelin[0](0.055)	40.500000	0.000000	0.000000
myelin[0](0.065)	43.500000	0.000000	0.000000
myelin[0](0.075)	46.500000	0.000000	0.000000
myelin[0](0.085)	49.500000	0.000000	0.000000
myelin[0](0.095)	52.500000	0.000000	0.000000
myelin[0](0.105)	55.500000	0.000000	0.000000
myelin[0](0.115)	58.500000	0.000000	0.000000
myelin[0](0.125)	61.500000	0.000000	0.000000
myelin[0](0.135)	64.500000	0.000000	0.000000
myelin[0](0.145)	67.500000	0.000000	0.000000
myelin[0](0.155)	70.500000	0.000000	0.000000
myelin[0](0.165)	73.500000	0.000000	0.000000
myelin[0](0.175)	76.500000	0.000000	0.000000
myelin[0](0.185)	79.500000	0.000000	0.000000
myelin[0](0.195)	82.500000	0.000000	0.000000
myelin[0](0.205)	85.500000	0.000000	0.000000
myelin[0](0.215)	88.500000	0.000000	0.000000
myelin[0](0.225)	91.500000	0.000000	0.000000
myelin[0](0.235)	94.500000	0.000000	0.000000
myelin[0](0.245)	97.500000	0.000000	0.000000
myelin[0](0.255)	100.500000	0.000000	0.000000
myelin[0](0.265)	103.500000	0.000000	0.000000
myelin[0](0.275)	106.500000	0.000000	0.000000
myelin[0](0.285)	109.500000	0.000000	0.000000
myelin[0](0.295)	112.500000	0.000000	0.000000
myelin[0](0.305)	115.500000	0.000000	0.000000
myelin[0](0.315)	118.500000	0.000000	0.000000
myelin[0](0.325)	121.500000	0.000000	0.000000
myelin[0](0.335)	124.500000	0.000000	0.000000
myelin[0](0.345)	127.500000	0.000000	0.000000
myelin[0](0.355)	130.500000	0.000000	0.000000
myelin[0](0.365)	133.500000	0.000000	0.000000
myelin[0](0.375)	136.500000	0.000000	0.000000
myelin[0](0.385)	139.500000	0.000000	0.000000
myelin[0](0.395)	142.500000	0.000000	0.000000
myelin[0](0.405)	145.500000	0.000000	0.000000
myelin[0](0.415)	148.500000	0.000000	0.000000
myelin[0](0.425)	151.500000	0.000000	0.000000
myelin[0](0.435)	154.500000	0.000000	0.000000
myelin[0](0.445)	157.500000	0.000000	0.000000
myelin[0](0.455)	160.500000	0.000000	0.000000
myelin[0](0.465)	163.500000	0.000000	0.000000
myelin[0](0.475)	166.500000	0.000000	0.000000
myelin[0](0.485)	169.500000	0.000000	0.000000
myelin[0](0.495)	172.500000	0.000000	0.000000
myelin[0](0.505)	175.500000	0.000000	0.000000
myelin[0](0.515)	178.500000	0.000000	0.000000
myelin[0](0.525)	181.500000	0.000000	0.000000
myelin[0](0.535)	184.500000	0.000000	0.000000
myelin[0](0.545)	187.500000	0.000000	0.000000
myelin[0](0.555)	190.500000	0.000000	0.000000
myelin[0](0.565)	193.500000	0.000000	0.000000
myelin[0](0.575)	196.500000	0.000000	0.000000
myelin[0](0.585)	199.500000	0.000000	0.000000
myelin[0](0.595)	202.500000	0.000000	0.000000
myelin[0](0.605)	205.500000	0.000000	0.000000
myelin[0](0.615)	208.500000	0.000000	0.000000
myelin[0](0.625)	211.500000	0.000000	0.000000
myelin[0](0.635)	214.500000	0.000000	0.000000
myelin[0](0.645)	217.500000	0.000000	0.000000
myelin[0](0.655)	220.500000	0.000000	0.000000
myelin[0](0.665)	223.500000	0.000000	0.000000
myelin[0](0.675)	226.500000	0.000000	0.000000
myelin[0](0.685)	229.500000	0.000000	0.000000
myelin[0](0.695)	232.500000	0.000000	0.000000
myelin[0](0.705)	235.500000	0.000000	0.000000
myelin[0](0.715)	238.500000	0.000000	0.000000
myelin[0](0.725)	241.500000	0.000000	0.000000
myelin[0](0.735)	244.500000	0.000000	0.000000
myelin[0](0.745)	247.500000	0.000000	0.000000
myelin[0](0.755)	250.500000	0.000000	0.000000
myelin[0](0.765)	253.500000	0.000000	0.000000
myelin[0](0.775)	256.500000	0.000000	0.000000
myelin[0](0.785)	259.500000	0.000000	0.000000
myelin[0](0.795)	262.500000	0.000000	0.000000
myelin[0](0.805)	265.500000	0.000000	0.000000
myelin[0](0.815)	268.500000	0.000000	0.000000
myelin[0](0.825)	271.500000	0.000000	0.000000
myelin[0](0.835)	274.500000	0.000000	0.000000
myelin[0](0.845)	277.500000	0.000000	0.000000
myelin[0](0.855)	280.500000	0.000000	0.000000
myelin[0](0.865)	283.500000	0.000000	0.000000
myelin[0](0.875)	286.500000	0.000000	0.000000
myelin[0](0.885)	289.500000	0.000000	0.000000
myelin[0](0.895)	292.500000	0.000000	0.000000
myelin[0](0.905)	295.500000	0.000000	0.000000
myelin[0](0.915)	298.500000	0.000000	0.000000
myelin[0](0.925)	301.500000	0.000000	0.000000
myelin[0](0.935)	304.500000	0.000000	0.000000
myelin[0](0.945)	307.500000	0.000000	0.000000
myelin[0](0.955)	310.500000	0.000000	0.000000
myelin[0](0.965)	313.500000	0.000000	0.000000
myelin[0](0.975)	316.500000	0.000000	0.000000
myelin[0](0.985)	319.500000	0.000000	0.000000
myelin[0](0.995)	322.500000	0.000000	0.000000
